class,Unique ASVs,GL_111724_35m_0_V,GL_111724_35m_200_V,GL_111724_35m_400_V,GL_111724_35m_600_V,r_value,p_value
WOR-1,14,7.221123918263443,6.393263720164174,5.592382216445433,4.6101648339492804,-0.9989116147128528,0.0010883852871472754
Dehalococcoidia,83,8.124754769414427,7.1595602143861194,6.53744704778255,5.744580469432,-0.9965946314385572,0.003405368561442801
Bacilli,88,8.042034578549023,7.140531156566319,6.597448520234325,5.451543456997959,-0.9912727112336766,0.008727288766323449
Chitinivibrionia,32,7.766072385467558,6.0499410162769385,5.4088404032462485,3.4065969699001886,-0.9835616227674606,0.01643837723253938
Syntrophia,45,9.058284282942575,8.184960207184684,7.744702616124782,6.296293736208119,-0.9763680861839619,0.02363191381603813
Omnitrophia,184,8.544780493898209,8.133988411980411,7.032598369455098,6.748156085242613,-0.9732016389667838,0.02679836103321609
Gammaproteobacteria,1678,8.343745160292304,7.770097931318085,7.4641257612342,6.289971746310272,-0.9649549795973758,0.03504502040262425
Bacteroidia,1451,9.223694688465978,8.714232762108097,8.123735258038424,6.2949423846511205,-0.9473598545485462,0.05264014545145379
ABY1,117,6.684371341181633,6.701762998079096,4.659665391216641,3.4655531370333077,-0.9468609707102709,0.053139029289729134
Lentisphaeria,43,6.3415699695087735,4.9675319704472924,4.54321318873714,4.3285397152056895,-0.9229299101395831,0.07707008986041686
JS1,2,-2.0189694118620882,-2.586278881560939,3.106713080917098,3.9817080463473826,0.8990725642326532,0.10092743576734664
Desulfobaccia,71,7.144698551915663,5.35927654669255,5.732939176750369,4.3333590016416395,-0.8946187012686084,0.10538129873139157
Nanoarchaeia,266,7.47097045637252,7.574753649006731,6.642985285927182,6.51370402576231,-0.8936072968126556,0.1063927031873444
Kiritimatiellae,102,7.275160485843779,5.834403409474455,5.719773417041434,5.393861071440494,-0.8913375491113609,0.10866245088863913
Acidimicrobiia,166,7.312260277389548,6.014151908425354,5.3532967160610365,-2.102791366727789,-0.8794178807258807,0.12058211927411921
Verrucomicrobiae,701,6.895253408841212,6.998448642952547,6.543575015572756,5.55590819154051,-0.8779282478660042,0.12207175213399579
Gracilibacteria,93,-2.0189694118620882,-2.586278881560939,4.388790437081242,4.117798803371951,0.8638508593036436,0.13614914069635642
Aminicenantia,40,6.372887288242852,7.098057140930517,5.19696553870115,3.977141828367801,-0.8570368973565897,0.14296310264341017
Chlorobia,59,10.042822848487884,9.324643876669931,9.494866734554877,6.730088093549826,-0.8535148407778693,0.1464851592221308
Thermoleophilia,131,5.728195554658246,5.1626124556945925,5.137807724015188,1.2984060149343666,-0.8423555376269309,0.15764446237306906
na,207,6.855338626721267,7.41619390765961,5.218519907098965,5.050260268209691,-0.8329260482298044,0.16707395177019557
Clostridia,198,8.573004476351791,5.76060037218562,6.005188200450402,5.442069701930668,-0.8217919830796883,0.17820801692031174
Parcubacteria,279,7.9190161810816075,8.06987397905954,7.759953983056409,6.314802459465694,-0.8157632368022956,0.18423676319770443
Sva0485,48,-2.0189694118620882,5.211012391986533,5.313049338604573,5.632641985771899,0.803057005382212,0.19694299461778808
Actinobacteria,270,7.029204909523704,7.447534932650764,6.646444576231575,6.158476783849858,-0.8021578848782986,0.19784211512170136
Phycisphaerae,361,6.990966895769375,7.253203340999277,6.858986236352672,5.544517465628449,-0.8011925900709213,0.19880740992907864
Vicinamibacteria,137,-2.0189694118620882,-2.586278881560939,4.780403432381254,2.8459685236503796,0.7819979277384925,0.21800207226150747
Cyanobacteriia,760,10.408817764418604,7.756205262292146,9.007011595364206,7.030883920312908,-0.7730551219491223,0.22694487805087782
Desulfuromonadia,80,6.719445485305661,3.7628601098188588,5.304446046673011,2.717490198877248,-0.7701729306569094,0.2298270693430906
Desulfobacteria,158,-2.0189694118620882,4.4568810344274015,5.429459690448985,4.472284473871831,0.7689245004930796,0.2310754995069204
Babeliae,57,-2.0189694118620882,-2.586278881560939,4.428621464565338,2.3858450030043508,0.7662425753545881,0.23375742464541194
Marinimicrobia_(SAR406_clade),8,4.129498884055559,5.268102329091426,4.155275831501545,-2.102791366727789,-0.7628418949026883,0.23715810509731172
Desulfobulbia,66,-2.0189694118620882,-2.586278881560939,5.2126873673038325,2.624596451984552,0.7478402537620317,0.25215974623796833
KD4-96,65,6.251811601300586,-2.586278881560939,-2.973220114178492,-2.102791366727789,-0.7438154405109358,0.25618455948906416
Oligoflexia,118,-2.0189694118620882,-2.586278881560939,4.623674323966052,1.8484523518536387,0.7142162133937849,0.2857837866062152
Thermococci,6,-2.0189694118620882,-2.586278881560939,-2.973220114178492,3.8347448383546374,0.6918951230921541,0.30810487690784605
Acidobacteriae,67,-2.0189694118620882,-2.586278881560939,-2.973220114178492,3.5943021197776157,0.6884622820224318,0.31153771797756824
Desulfomonilia,18,-2.0189694118620882,-2.586278881560939,-2.973220114178492,3.35679414741637,0.6847832434626099,0.31521675653739
Fusobacteriia,19,-2.0189694118620882,4.900334431579016,4.297092771900533,3.75514178775567,0.6739628807927336,0.3260371192072664
SL56_marine_group,2,-2.0189694118620882,-2.586278881560939,3.338514694974423,0.19979372626625702,0.6043838089822609,0.39561619101773915
Chlamydiae,124,-2.0189694118620882,6.060713747390143,5.065937276294745,3.9206562262332443,0.5992626033659206,0.40073739663407926
Fermentibacteria,4,-2.0189694118620882,-2.586278881560939,3.1709655199471536,0.09443321060843068,0.5992037474830681,0.40079625251693196
Alphaproteobacteria,1454,-2.0189694118620882,6.563992963949125,6.277013821459368,4.1158087529639396,0.5864590821876929,0.41354091781230706
Hadarchaeia,1,-2.0189694118620882,-2.586278881560939,-2.973220114178492,0.19979372626625702,0.5707043331864636,0.42929566681353637
Saccharimonadia,61,5.65657659067576,7.08880128998588,6.9592921173982525,2.709392988644628,-0.5691361042557518,0.4308638957442481
Campylobacteria,55,8.83640764978806,6.74840076467085,7.909326375284133,7.148882868741371,-0.5475923835545561,0.452407616445444
Kryptonia,49,4.985004724860591,7.239517363259318,5.249870436983041,3.6623997360570555,-0.5207365313558882,0.47926346864411196
WCHB1-81,13,5.920545848800318,7.030126418595375,4.312286434344293,5.530094138667344,-0.4477454347822991,0.5522545652177009
WWE3,5,-2.0189694118620882,4.4113171014209875,-0.6706350211844461,2.9723824485060377,0.4232489078924533,0.5767510921075467
Altiarchaeia,1,2.4583674026161186,-2.586278881560939,-2.973220114178492,0.09443321060843068,-0.3804481053047363,0.6195518946952636
Planctomycetes,990,6.1965780000849815,0.9972400568951709,-2.973220114178492,3.967946361274701,-0.34678471815509926,0.6532152818449006
Bdellovibrionia,189,-2.0189694118620882,5.94343559040897,3.6266503850343446,1.5607702794018574,0.3218862401288257,0.6781137598711742
Micrarchaeia,16,2.6723784703670552,4.679150841693014,3.9766363408222807,1.9045418185046823,-0.31002009068903075,0.6899799093109693
Bathyarchaeia,15,-2.0189694118620882,5.738057451145962,-2.973220114178492,4.425166550894762,0.3098798130754985,0.6901201869245015
Kapabacteria,14,-2.0189694118620882,4.427636593249589,-2.973220114178492,-2.102791366727789,-0.28855826092324943,0.7114417390767507
MBNT15,28,-2.0189694118620882,4.924698870453156,-2.973220114178492,-2.102791366727789,-0.2866477649889121,0.7133522350110879
Anaerolineae,781,4.2329344713038,6.905247509123323,6.6768579598479505,5.179969812877804,0.2661032818858781,0.7338967181141218
Calditrichia,17,-2.0189694118620882,-2.586278881560939,0.022512159375498886,-2.102791366727789,0.2631217034242817,0.7368782965757184
Syntrophorhabdia,3,-2.0189694118620882,-2.586278881560939,2.610276194603207,-2.102791366727789,0.2620712945148969,0.7379287054851031
MVP-15,8,-2.0189694118620882,-2.586278881560939,2.6615694889907573,-2.102791366727789,0.26204521863095076,0.7379547813690492
Gemmatimonadetes,60,-2.0189694118620882,-2.586278881560939,2.9643160909039343,-2.102791366727789,0.26189632604708213,0.7381036739529179
BD2-11_terrestrial_group,4,-2.0189694118620882,-2.586278881560939,3.312777980330373,-2.102791366727789,0.26173558254385265,0.7382644174561475
TA06,4,-2.0189694118620882,-2.586278881560939,3.3257291326774503,-2.102791366727789,0.26172982448581206,0.738270175514188
WPS-2,9,-2.0189694118620882,-2.586278881560939,3.499126180322409,-2.102791366727789,0.2616541926661984,0.7383458073338016
Microgenomatia,1,-2.0189694118620882,-2.586278881560939,3.989023350087715,-2.102791366727789,0.26145464580174427,0.7385453541982558
Elusimicrobia,12,-2.0189694118620882,-2.586278881560939,4.323193154595428,-2.102791366727789,0.2613297391895648,0.7386702608104352
Fimbriimonadia,19,-2.0189694118620882,-2.586278881560939,-2.973220114178492,-2.102791366727789,-0.18504201976502016,0.8149579802349798
Holophagae,20,-2.0189694118620882,-2.586278881560939,-2.973220114178492,-2.102791366727789,-0.18504201976502016,0.8149579802349798
Rubrobacteria,1,-2.0189694118620882,-2.586278881560939,-2.973220114178492,-2.102791366727789,-0.18504201976502016,0.8149579802349798
Entotheonellia,3,-2.0189694118620882,-2.586278881560939,-2.973220114178492,-2.102791366727789,-0.18504201976502016,0.8149579802349798
FCPU426,12,-2.0189694118620882,-2.586278881560939,-2.973220114178492,-2.102791366727789,-0.18504201976502016,0.8149579802349798
Desulfovibrionia,11,-2.0189694118620882,-2.586278881560939,-2.973220114178492,-2.102791366727789,-0.18504201976502016,0.8149579802349798
Defferrisomatia,1,-2.0189694118620882,-2.586278881560939,-2.973220114178492,-2.102791366727789,-0.18504201976502016,0.8149579802349798
Deep_Sea_Euryarchaeotic_Group(DSEG),1,-2.0189694118620882,-2.586278881560939,-2.973220114178492,-2.102791366727789,-0.18504201976502016,0.8149579802349798
Dadabacteriia,1,-2.0189694118620882,-2.586278881560939,-2.973220114178492,-2.102791366727789,-0.18504201976502016,0.8149579802349798
DG-56,1,-2.0189694118620882,-2.586278881560939,-2.973220114178492,-2.102791366727789,-0.18504201976502016,0.8149579802349798
Coriobacteriia,5,-2.0189694118620882,-2.586278881560939,-2.973220114178492,-2.102791366727789,-0.18504201976502016,0.8149579802349798
Deinococci,8,-2.0189694118620882,-2.586278881560939,-2.973220114178492,-2.102791366727789,-0.18504201976502016,0.8149579802349798
Desulfitobacteriia,5,-2.0189694118620882,-2.586278881560939,-2.973220114178492,-2.102791366727789,-0.18504201976502016,0.8149579802349798
Fibrobacteria,35,-2.0189694118620882,-2.586278881560939,-2.973220114178492,-2.102791366727789,-0.18504201976502016,0.8149579802349798
Cloacimonadia,3,-2.0189694118620882,-2.586278881560939,-2.973220114178492,-2.102791366727789,-0.18504201976502016,0.8149579802349798
CK-2C2-2,1,-2.0189694118620882,-2.586278881560939,-2.973220114178492,-2.102791366727789,-0.18504201976502016,0.8149579802349798
Brevinematia,2,-2.0189694118620882,-2.586278881560939,-2.973220114178492,-2.102791366727789,-0.18504201976502016,0.8149579802349798
Gitt-GS-136,3,-2.0189694118620882,-2.586278881560939,-2.973220114178492,-2.102791366727789,-0.18504201976502016,0.8149579802349798
Endomicrobia,4,-2.0189694118620882,-2.586278881560939,-2.973220114178492,-2.102791366727789,-0.18504201976502016,0.8149579802349798
Lineage_IIb,12,-2.0189694118620882,-2.586278881560939,-2.973220114178492,-2.102791366727789,-0.18504201976502016,0.8149579802349798
Leptospirae,18,-2.0189694118620882,-2.586278881560939,-2.973220114178492,-2.102791366727789,-0.18504201976502016,0.8149579802349798
Limnochordia,5,-2.0189694118620882,-2.586278881560939,-2.973220114178492,-2.102791366727789,-0.18504201976502016,0.8149579802349798
Lineage_IIc,1,-2.0189694118620882,-2.586278881560939,-2.973220114178492,-2.102791366727789,-0.18504201976502016,0.8149579802349798
Latescibacterota,79,-2.0189694118620882,-2.586278881560939,-2.973220114178492,-2.102791366727789,-0.18504201976502016,0.8149579802349798
LCP-89,22,-2.0189694118620882,-2.586278881560939,-2.973220114178492,-2.102791366727789,-0.18504201976502016,0.8149579802349798
Incertae_Sedis,2,-2.0189694118620882,-2.586278881560939,-2.973220114178492,-2.102791366727789,-0.18504201976502016,0.8149579802349798
Ktedonobacteria,2,-2.0189694118620882,-2.586278881560939,-2.973220114178492,-2.102791366727789,-0.18504201976502016,0.8149579802349798
JG30-KF-CM66,4,-2.0189694118620882,-2.586278881560939,-2.973220114178492,-2.102791366727789,-0.18504201976502016,0.8149579802349798
Iainarchaeia,8,-2.0189694118620882,-2.586278881560939,-2.973220114178492,-2.102791366727789,-0.18504201976502016,0.8149579802349798
Hydrogenedentia,34,-2.0189694118620882,-2.586278881560939,-2.973220114178492,-2.102791366727789,-0.18504201976502016,0.8149579802349798
SJA-28,10,-2.0189694118620882,-2.586278881560939,-2.973220114178492,-2.102791366727789,-0.18504201976502016,0.8149579802349798
Methanosarcinia,6,-2.0189694118620882,-2.586278881560939,-2.973220114178492,-2.102791366727789,-0.18504201976502016,0.8149579802349798
Methanobacteria,1,-2.0189694118620882,-2.586278881560939,-2.973220114178492,-2.102791366727789,-0.18504201976502016,0.8149579802349798
Methylomirabilia,13,-2.0189694118620882,-2.586278881560939,-2.973220114178492,-2.102791366727789,-0.18504201976502016,0.8149579802349798
Margulisbacteria,15,-2.0189694118620882,-2.586278881560939,-2.973220114178492,-2.102791366727789,-0.18504201976502016,0.8149579802349798
Lineage_IIa,2,-2.0189694118620882,-2.586278881560939,-2.973220114178492,-2.102791366727789,-0.18504201976502016,0.8149579802349798
MB-A2-108,18,-2.0189694118620882,-2.586278881560939,-2.973220114178492,-2.102791366727789,-0.18504201976502016,0.8149579802349798
Methanomicrobia,2,-2.0189694118620882,-2.586278881560939,-2.973220114178492,-2.102791366727789,-0.18504201976502016,0.8149579802349798
OLB14,8,-2.0189694118620882,-2.586278881560939,-2.973220114178492,-2.102791366727789,-0.18504201976502016,0.8149579802349798
Nitrospiria,21,-2.0189694118620882,-2.586278881560939,-2.973220114178492,-2.102791366727789,-0.18504201976502016,0.8149579802349798
Negativicutes,5,-2.0189694118620882,-2.586278881560939,-2.973220114178492,-2.102791366727789,-0.18504201976502016,0.8149579802349798
Nitrososphaeria,8,-2.0189694118620882,-2.586278881560939,-2.973220114178492,-2.102791366727789,-0.18504201976502016,0.8149579802349798
P9X2b3D02,2,-2.0189694118620882,-2.586278881560939,-2.973220114178492,-2.102791366727789,-0.18504201976502016,0.8149579802349798
Moduliflexia,2,-2.0189694118620882,-2.586278881560939,-2.973220114178492,-2.102791366727789,-0.18504201976502016,0.8149579802349798
NB1-j,67,-2.0189694118620882,-2.586278881560939,-2.973220114178492,-2.102791366727789,-0.18504201976502016,0.8149579802349798
Myxococcia,33,-2.0189694118620882,-2.586278881560939,-2.973220114178492,-2.102791366727789,-0.18504201976502016,0.8149579802349798
Sericytochromatia,12,-2.0189694118620882,-2.586278881560939,-2.973220114178492,-2.102791366727789,-0.18504201976502016,0.8149579802349798
Pla3_lineage,4,-2.0189694118620882,-2.586278881560939,-2.973220114178492,-2.102791366727789,-0.18504201976502016,0.8149579802349798
OM190,85,-2.0189694118620882,-2.586278881560939,-2.973220114178492,-2.102791366727789,-0.18504201976502016,0.8149579802349798
Latescibacteria,31,-2.0189694118620882,-2.586278881560939,-2.973220114178492,-2.102791366727789,-0.18504201976502016,0.8149579802349798
Kazania,1,-2.0189694118620882,-2.586278881560939,-2.973220114178492,-2.102791366727789,-0.18504201976502016,0.8149579802349798
Brocadiae,1,-2.0189694118620882,-2.586278881560939,-2.973220114178492,-2.102791366727789,-0.18504201976502016,0.8149579802349798
Desulfotomaculia,7,-2.0189694118620882,-2.586278881560939,-2.973220114178492,-2.102791366727789,-0.18504201976502016,0.8149579802349798
CPR2,1,-2.0189694118620882,-2.586278881560939,-2.973220114178492,-2.102791366727789,-0.18504201976502016,0.8149579802349798
Blastocatellia,20,-2.0189694118620882,-2.586278881560939,-2.973220114178492,-2.102791366727789,-0.18504201976502016,0.8149579802349798
Acetothermiia,2,-2.0189694118620882,-2.586278881560939,-2.973220114178492,-2.102791366727789,-0.18504201976502016,0.8149579802349798
Armatimonadia,1,-2.0189694118620882,-2.586278881560939,-2.973220114178492,-2.102791366727789,-0.18504201976502016,0.8149579802349798
BD7-11,8,-2.0189694118620882,-2.586278881560939,-2.973220114178492,-2.102791366727789,-0.18504201976502016,0.8149579802349798
AT-s3-28,2,-2.0189694118620882,-2.586278881560939,-2.973220114178492,-2.102791366727789,-0.18504201976502016,0.8149579802349798
Chloroflexia,79,-2.0189694118620882,-2.586278881560939,-2.973220114178492,-2.102791366727789,-0.18504201976502016,0.8149579802349798
Caldisericia,1,-2.0189694118620882,-2.586278881560939,-2.973220114178492,-2.102791366727789,-0.18504201976502016,0.8149579802349798
Brachyspirae,1,-2.0189694118620882,-2.586278881560939,-2.973220114178492,-2.102791366727789,-0.18504201976502016,0.8149579802349798
Vampirivibrionia,37,-2.0189694118620882,-2.586278881560939,-2.973220114178492,-2.102791366727789,-0.18504201976502016,0.8149579802349798
Thermoanaerobacteria,1,-2.0189694118620882,-2.586278881560939,-2.973220114178492,-2.102791366727789,-0.18504201976502016,0.8149579802349798
TX1A-33,1,-2.0189694118620882,-2.586278881560939,-2.973220114178492,-2.102791366727789,-0.18504201976502016,0.8149579802349798
TSAC18,1,-2.0189694118620882,-2.586278881560939,-2.973220114178492,-2.102791366727789,-0.18504201976502016,0.8149579802349798
S0134_terrestrial_group,3,-2.0189694118620882,-2.586278881560939,-2.973220114178492,-2.102791366727789,-0.18504201976502016,0.8149579802349798
SAR324_clade(Marine_group_B),27,-2.0189694118620882,-2.586278881560939,-2.973220114178492,-2.102791366727789,-0.18504201976502016,0.8149579802349798
Rs-M47,3,-2.0189694118620882,-2.586278881560939,-2.973220114178492,-2.102791366727789,-0.18504201976502016,0.8149579802349798
Schekmanbacteria,1,-2.0189694118620882,-2.586278881560939,-2.973220114178492,-2.102791366727789,-0.18504201976502016,0.8149579802349798
RBG-16-55-12,3,-2.0189694118620882,-2.586278881560939,-2.973220114178492,-2.102791366727789,-0.18504201976502016,0.8149579802349798
Polyangia,169,-2.0189694118620882,-2.586278881560939,-2.973220114178492,-2.102791366727789,-0.18504201976502016,0.8149579802349798
Rhodothermia,14,-2.0189694118620882,-2.586278881560939,-2.973220114178492,-2.102791366727789,-0.18504201976502016,0.8149579802349798
RCP2-54,4,-2.0189694118620882,-2.586278881560939,-2.973220114178492,-2.102791366727789,-0.18504201976502016,0.8149579802349798
Pla4_lineage,30,-2.0189694118620882,-2.586278881560939,-2.973220114178492,-2.102791366727789,-0.18504201976502016,0.8149579802349798
Subgroup_5,1,-2.0189694118620882,-2.586278881560939,-2.973220114178492,-2.102791366727789,-0.18504201976502016,0.8149579802349798
Subgroup_18,15,-2.0189694118620882,-2.586278881560939,-2.973220114178492,-2.102791366727789,-0.18504201976502016,0.8149579802349798
Subgroup_22,47,-2.0189694118620882,-2.586278881560939,-2.973220114178492,-2.102791366727789,-0.18504201976502016,0.8149579802349798
WS4,5,-2.0189694118620882,-2.586278881560939,-2.973220114178492,-2.102791366727789,-0.18504201976502016,0.8149579802349798
Thermodesulfovibrionia,18,-2.0189694118620882,-2.586278881560939,-2.973220114178492,-2.102791366727789,-0.18504201976502016,0.8149579802349798
Thermoplasmata,10,-2.0189694118620882,-2.586278881560939,-2.973220114178492,-2.102791366727789,-0.18504201976502016,0.8149579802349798
V2072-189E03,1,-2.0189694118620882,-2.586278881560939,-2.973220114178492,-2.102791366727789,-0.18504201976502016,0.8149579802349798
TK10,6,-2.0189694118620882,-2.586278881560939,-2.973220114178492,-2.102791366727789,-0.18504201976502016,0.8149579802349798
Subgroup_25,1,-2.0189694118620882,-2.586278881560939,-2.973220114178492,-2.102791366727789,-0.18504201976502016,0.8149579802349798
Sumerlaeia,60,-2.0189694118620882,-2.586278881560939,-2.973220114178492,-2.102791366727789,-0.18504201976502016,0.8149579802349798
Syntrophobacteria,38,-2.0189694118620882,-2.586278881560939,-2.973220114178492,-2.102791366727789,-0.18504201976502016,0.8149579802349798
Zixibacteria,52,-2.0189694118620882,-2.586278881560939,-2.973220114178492,-2.102791366727789,-0.18504201976502016,0.8149579802349798
WS2,6,-2.0189694118620882,-2.586278881560939,-2.973220114178492,-2.102791366727789,-0.18504201976502016,0.8149579802349798
Thermoanaerobaculia,56,-2.0189694118620882,2.6969248471770495,-2.973220114178492,1.0752624636201569,0.1763846263922808,0.8236153736077192
NKB15,5,-2.0189694118620882,5.188576885104581,2.4648591947447036,-2.102791366727789,-0.10739034839619382,0.8926096516038062
Ignavibacteria,34,-2.0189694118620882,5.829324454093665,3.003130795119442,-2.102791366727789,-0.10152248018189303,0.898477519818107
Spirochaetia,121,-2.0189694118620882,5.30505187610095,3.1900946898561493,-2.102791366727789,-0.08161377767648847,0.9183862223235115
Berkelbacteria,21,4.90465921627634,-2.586278881560939,-2.973220114178492,4.883775092678638,-0.013092076938096275,0.9869079230619038
