order,Unique ASVs,GL_111724_35m_0_V,GL_111724_35m_200_V,GL_111724_35m_400_V,GL_111724_35m_600_V,GL_111724_35m_Cnt_V,r_value,p_value
Victivallales,24,7.108376050355986,5.928654600572758,4.460547851921437,3.3814523617395804,4.938894695591333,-0.9984115653088361,0.0015884346911638758
WOR-1,14,7.987929999110655,7.417109608762995,6.342789236779088,5.282224207044234,3.22820304945206,-0.9914303335607131,0.008569666439286916
Chitinivibrionales,30,8.53287846631477,7.073786904875759,6.159247423579903,4.07865634299514,6.543779046405572,-0.9882938101932263,0.011706189806773626
Candidatus_Falkowbacteria,49,7.289722472991734,6.397890636186721,4.800945860893606,4.13761251012826,5.378502752848261,-0.9881553824355522,0.011844617564447768
Chloroplast,463,7.977195046797069,6.897766476934,6.300163342327127,5.706546443627548,7.344036376910472,-0.98741503834413,0.012584961655869975
WCHB1-41,90,8.041966566690991,6.858249298073276,6.470180437375089,5.183993606570924,5.218395242301812,-0.9822952481380596,0.017704751861940426
Syntrophales,45,9.825090363789787,9.208806095783503,8.495109636458437,6.968353109303072,6.462694025695617,-0.974032361631665,0.025967638368335155
Bacteroidales,316,9.1848306795103,8.582077320975456,7.633373185573277,5.688094255429242,7.271493958784079,-0.965785801735378,0.03421419826462202
Izemoplasmatales,23,8.455735037726393,8.012689371846694,6.121691989745684,3.4290804107288353,5.221750324666186,-0.9581326512031165,0.041867348796883475
Omnitrophales,184,9.311586574745421,9.15783430057923,7.783005389788753,7.420215458337566,6.353188451211583,-0.9514061628183629,0.048593837181637234
Flavobacteriales,187,7.8828067339365315,6.343377319696813,6.339162240343293,4.276378271116039,5.529968134200075,-0.9440948500437276,0.05590514995627238
Desulfobaccales,71,7.911504632762876,6.383122435291371,6.483346197084024,5.005418374736591,4.955545423078483,-0.9371496523514009,0.06285034764859909
Micrococcales,50,6.889899952089271,5.807167727564291,3.852532937243847,3.9942180238485663,5.122860989598166,-0.9349505962225719,0.06504940377742807
Lactobacillales,5,-1.252163331014875,-1.5624329929621183,3.570200514539307,5.754655021947579,2.710064778839783,0.9331391740253816,0.0668608259746184
Coxiellales,40,7.643329300436758,7.799168172854649,5.972520573318033,5.19466037437512,3.7340985071101924,-0.9280699065567903,0.07193009344320966
Pseudomonadales,38,-1.252163331014875,-1.5624329929621183,2.431147256312686,3.953763069156252,2.5185265669409045,0.9272734520450934,0.07272654795490663
Candidatus_Kaiserbacteria,36,-1.252163331014875,-1.5624329929621183,2.341535097622999,3.4892489321952884,3.72748691277788,0.9205003086982384,0.0794996913017616
Sphingobacteriales,233,9.13892215916794,9.09691828998942,8.171858442201994,6.315136236159432,7.219966068575042,-0.9180417036122466,0.08195829638775343
JS1,2,-1.252163331014875,-1.5624329929621183,3.8571201012507528,4.653767419442335,3.600331737292633,0.9084708035081477,0.09152919649185232
GIF9,17,7.607768138601221,7.724590603785022,6.8165016810792425,5.3870985778213125,5.9553770518360665,-0.9079567594177498,0.09204324058225022
Burkholderiales,785,8.431113864184484,6.698835157615529,6.5335544659581375,6.131949253089047,6.242478183594489,-0.8970585159584266,0.10294148404157344
Clostridia,52,9.073908621436805,6.784446260784441,6.631423599560905,6.060355599902039,5.039354332649449,-0.8937555968039064,0.10624440319609363
Oligosphaerales,15,-1.252163331014875,3.199740941835638,4.724162898290581,4.781874102118682,2.9745439542119003,0.8922263930805764,0.1077736069194235
Microtrichales,135,8.07906635823676,7.0379977970241745,6.103703736394691,-1.4307319936328367,5.021782355397101,-0.8788630457807705,0.12113695421922954
Absconditabacteriales_(SR1),31,-1.252163331014875,-1.5624329929621183,4.524773432984478,4.2147149040104015,4.469976896371833,0.869164913670625,0.13083508632937502
Desulfobacterales,122,-1.252163331014875,-1.5624329929621183,5.027822418053843,4.646910249716198,3.1863559395165595,0.868335006659908,0.13166499334009196
GIF3,22,8.183637905230677,5.285572281614245,5.841508867065966,4.34070912949718,4.941853277631079,-0.8660374829159374,0.1339625170840626
Verrucomicrobiales,352,-1.252163331014875,-1.5624329929621183,5.750686870179793,5.234951724149571,6.036024404299221,0.8660137995533908,0.13398620044660925
Chitinophagales,385,-1.252163331014875,-1.5624329929621183,5.586728230808573,4.952774641251169,4.85174862939684,0.8604060600976728,0.13959393990232716
Parcubacteria,31,-1.252163331014875,-1.5624329929621183,5.782553973471827,5.08988913392586,5.117918640163731,0.8590196486564476,0.14098035134355236
Chlorobiales,59,10.809628929335096,10.348489765268752,10.245273754888533,7.402147466644779,7.24787902282741,-0.8587287348896104,0.14127126511038957
Woesearchaeales,266,8.237776537219732,8.598599537605551,7.393392306260837,7.185763398857263,7.193222815577606,-0.8361040975665244,0.16389590243347563
Candidatus_Buchananbacteria,4,4.54085027736927,6.596369497731884,2.2658232758873025,-1.4307319936328367,1.96029870428033,-0.8351062122901918,0.16489378770980823
Legionellales,71,-1.252163331014875,-1.5624329929621183,5.909011691162358,4.646910249716198,3.5677929815058596,0.8339916041065076,0.16600839589349237
Geobacterales,43,7.486251566152873,4.78670599841768,5.9075404535864005,3.3895495719722004,3.8162932505532012,-0.8312228348411015,0.1687771651588985
Aminicenantales,40,7.139693369090065,8.121903029529337,5.947372559034805,4.649201201462754,5.559338425267791,-0.8292383332216349,0.17076166677836513
Candidatus_Staskawiczbacteria,22,6.482395513339881,5.425057254038872,2.522119034518413,3.6752134802677436,4.788358873463142,-0.8270161760253893,0.17298382397461065
Gaiellales,83,6.49500163550546,5.963745920384028,5.768779188223255,-1.4307319936328367,4.217195613102947,-0.8218128752297933,0.1781871247702067
Synechococcales,92,11.118563213343288,8.614929247294576,9.717769406740054,7.557089631797979,9.243626900227849,-0.8109751098356222,0.18902489016437785
Chromatiales,84,7.773412502516212,8.115094545750225,7.539110894369505,5.20390136422885,7.538158308411903,-0.8078316598264685,0.19216834017353146
Sphingomonadales,121,-1.252163331014875,-1.5624329929621183,5.112820888082364,3.518027896745332,3.368202549733075,0.803950027826214,0.19604997217378584
na,636,7.935931432013987,8.614244628372354,6.705959806679419,6.499833860601129,5.999253704226364,-0.7962747606558458,0.2037252393441542
Candidatus_Moranbacteria,56,8.568866099080731,9.067902438306588,8.36606664687817,6.659363789548124,6.598227394091738,-0.7932401073559799,0.20675989264401995
Vicinamibacterales,94,-1.252163331014875,-1.5624329929621183,5.530810452714909,3.518027896745332,3.9402953162544545,0.7840799335477322,0.2159200664522678
Sva0485,48,-1.252163331014875,6.234858280585354,6.063456358938228,6.304701358866852,5.193823981571307,0.7791476697272586,0.22085233027274143
Babeliales,57,-1.252163331014875,-1.5624329929621183,5.179028484898993,3.057904376099303,4.806561878920219,0.7676775165811724,0.23232248341882755
Staphylococcales,4,-1.252163331014875,-1.5624329929621183,3.807872166416426,2.1527869448232733,-2.674430283949306,0.7665416351294186,0.23345836487058147
Christensenellales,10,7.885283715440982,-1.5624329929621183,-2.222813093844837,-1.4307319936328367,2.909066024832393,-0.7655472287060501,0.23445277129394992
KD4-96,65,7.018617682147799,-1.5624329929621183,-2.222813093844837,-1.4307319936328367,3.052417463637891,-0.7644401177318751,0.23555988226812485
MSBL9,8,6.9306753797511504,-1.5624329929621183,-2.222813093844837,-1.4307319936328367,-2.674430283949306,-0.7643130772401436,0.23568692275985637
Marinimicrobia_(SAR406_clade),8,4.896304964902772,6.291948217690247,4.905682851835199,-1.4307319936328367,3.353848236281392,-0.7598630593896483,0.24013694061035173
SBR1031,243,4.136908398801626,-1.5624329929621183,-2.222813093844837,-1.4307319936328367,3.8622613136419988,-0.7577676959349056,0.24223230406509444
Desulfobulbales,66,-1.252163331014875,-1.5624329929621183,5.963094387637487,3.296655825079504,5.251450032788254,0.7480702399427615,0.25192976005723855
Candidatus_Kerfeldbacteria,19,3.342956519119715,6.721566311286408,1.6892099115833088,-1.4307319936328367,3.21167374750085,-0.7355563202082104,0.2644436797917895
Rhizobiales,414,-1.252163331014875,-1.5624329929621183,4.934143270770799,2.4812910117953093,5.159169939711798,0.7320569383379552,0.26794306166204485
Kiritimatiellales,12,-1.252163331014875,-1.5624329929621183,-2.222813093844837,5.532457992237401,3.106313231843023,0.7006908197463221,0.2993091802536778
Methanofastidiosales,6,-1.252163331014875,-1.5624329929621183,-2.222813093844837,4.506804211449589,5.538951453085266,0.6877036839551902,0.3122963160448098
Frankiales,84,-1.252163331014875,7.805423816889047,6.740347148988895,6.505928161592589,6.541295560303215,0.6870512698458433,0.3129487301541567
Subgroup_13,1,-1.252163331014875,-1.5624329929621183,-2.222813093844837,4.2663614928725675,-2.674430283949306,0.6839794776002345,0.31602052239976564
Desulfomonilales,18,-1.252163331014875,-1.5624329929621183,-2.222813093844837,4.028853520511323,5.093256993237602,0.679978086814923,0.320021913185077
FS117-23B-02,1,-1.252163331014875,-1.5624329929621183,-2.222813093844837,4.002990009921403,-2.674430283949306,0.6795212186154792,0.3204787813845207
Candidatus_Peregrinibacteria,21,-1.252163331014875,-1.5624329929621183,-2.222813093844837,3.967430707884916,4.046995416841337,0.6788859306274149,0.32111406937258513
Candidatus_Kuenenbacteria,4,4.9090439906802015,-1.5624329929621183,1.4907589728594708,-1.4307319936328367,-2.674430283949306,-0.675803906974504,0.3241960930254959
Gammaproteobacteria_Incertae_Sedis,70,-1.252163331014875,-1.5624329929621183,-2.222813093844837,3.795014680080365,-2.674430283949306,0.6756830912462601,0.32431690875373986
Campylobacterales,55,9.603213730635272,7.772246653269671,8.659733395617788,7.820942241836324,7.156432810865821,-0.6680064785696676,0.33199352143033245
Pasteurellales,1,-1.252163331014875,-1.5624329929621183,-2.222813093844837,3.3650585519639047,-2.674430283949306,0.6666954280891432,0.33330457191085694
RBG-13-54-9,27,-1.252163331014875,-1.5624329929621183,-2.222813093844837,3.1336161978349995,2.874645800945914,0.661160112539609,0.33883988746039106
Desulfatiglandales,36,-1.252163331014875,5.480726923026222,5.800411590871833,4.211175077305278,3.5179322055255664,0.6575404098767865,0.3424595901232135
Clostridiales,46,-1.252163331014875,-1.5624329929621183,-2.222813093844837,2.8733330995713335,2.897723748228459,0.6542302491326177,0.34576975086738226
MSBL5,7,-1.252163331014875,-1.5624329929621183,-2.222813093844837,2.7589227483935885,2.5830650880784756,0.6509149335767167,0.3490850664232834
Oligoflexales,55,-1.252163331014875,-1.5624329929621183,-2.222813093844837,2.520511724948591,0.6214065820550232,0.6433989933310635,0.35660100666893646
Acholeplasmatales,4,-1.252163331014875,6.203983905057537,6.316337264923443,4.626052019595788,2.2600436491813856,0.6420863758104483,0.35791362418955175
Fusobacteriales,19,-1.252163331014875,5.924180320177837,5.047499792234188,4.427201160850622,5.401152352722415,0.64176280841244,0.35823719158755996
Acetobacterales,82,-1.252163331014875,-1.5624329929621183,-2.222813093844837,2.3304681220607257,-2.674430283949306,0.6367383766614898,0.3632616233385102
Bacteroidetes_VC2.1_Bac22,12,4.690636044111827,7.412691246465585,6.432749766836172,-1.4307319936328367,4.039740245960166,-0.6294009719796758,0.3705990280203242
Lachnospirales,26,-1.252163331014875,-1.5624329929621183,-2.222813093844837,1.8651048723714925,4.496458194563199,0.6172754374311568,0.38272456256884313
Corynebacteriales,40,-1.252163331014875,7.1906225221761035,6.604068250285796,5.016573868908376,5.972386675260436,0.6075096847835895,0.39249031521641053
Diplorickettsiales,39,-1.252163331014875,-1.5624329929621183,-2.222813093844837,1.6137904440905864,-2.674430283949306,0.6043832754573236,0.3956167245426765
Chthoniobacterales,150,-1.252163331014875,8.022294531551367,6.513997439109052,5.646766059936395,5.913780394702211,0.6028958321716904,0.3971041678283096
Erysipelotrichales,13,7.596633119911072,-1.5624329929621183,4.422277875660807,-1.4307319936328367,3.7585098087898734,-0.6021067397385147,0.3978932602614853
SL56_marine_group,2,-1.252163331014875,-1.5624329929621183,4.088921715308078,0.8718530993612092,3.6729589257067046,0.5961684924158714,0.40383150758412856
Fermentibacterales,4,-1.252163331014875,-1.5624329929621183,3.9213725402808084,0.7664925837033829,-0.10948092648776919,0.590480278694451,0.40951972130554903
Chlamydiales,120,-1.252163331014875,6.6689430526118505,5.663644177132852,4.463670840632014,3.5965581479089934,0.5883388598660212,0.4116611401339787
Saccharimonadales,61,6.4233826715229725,8.1126471785847,7.709699137731907,3.3814523617395804,5.637459274281053,-0.574386060647405,0.42561393935259506
PeM15,18,7.278538210426154,6.492407228138906,-2.222813093844837,3.953763069156252,4.380019374183634,-0.5603391919050364,0.43966080809496355
S-BQ2-57_soil_group,17,7.662059489688424,-1.5624329929621183,5.336225161598547,-1.4307319936328367,-2.674430283949306,-0.5582120632817248,0.4417879367182751
Cyanobacteriales,112,6.951961601559166,-1.5624329929621183,4.847061034613735,-1.4307319936328367,2.8707471605302564,-0.5553487737621846,0.4446512262378155
Hadarchaeia,1,-1.252163331014875,-1.5624329929621183,-2.222813093844837,0.8718530993612092,-2.674430283949306,0.5510273289724498,0.44897267102755034
Phycisphaerales,200,7.182951749365754,8.277049229598097,7.609393256686327,6.216576838723402,6.185785074951877,-0.533365310877036,0.466634689122964
Kryptoniales,49,5.751810805707805,8.263363251858138,6.000277457316696,4.334459109152007,4.1945841667164006,-0.5174062813596589,0.48259371864034106
WCHB1-81,13,6.687351929647532,8.053972307194195,5.062693454677948,6.202153511762296,4.322251204227233,-0.46339288614255375,0.5366071138574462
Solirubrobacterales,47,-1.252163331014875,4.577451559264137,3.7067760495450575,1.9704653880293188,3.4524389001648794,0.4411581973565423,0.5588418026434576
Rhodobacterales,203,-1.252163331014875,6.815268219635521,2.58937126152758,3.8371261654304916,5.295964623242123,0.42654698268164926,0.5734530173183507
Altiarchaeales,1,3.225173483463332,-1.5624329929621183,-2.222813093844837,0.7664925837033829,-2.674430283949306,-0.4193756317412419,0.580624368258758
SAR11_clade,3,-1.252163331014875,6.968465845510232,6.4605722724354715,2.925976833056755,5.16154429777226,0.408189372407046,0.591810627592954
WWE3,5,-1.252163331014875,5.435162990019808,0.07977199914920874,3.64444182160099,1.7682209725410107,0.38916262548137925,0.6108373745186206
LD1-PA32,4,-1.252163331014875,6.006462670444877,3.8639616330674693,2.501093639091489,1.3509214067858437,0.38581850409059104,0.614181495909409
Pirellulales,456,6.963384080932194,2.021085945493992,-2.222813093844837,4.6400057343696535,4.224284250380682,-0.36754652208424654,0.6324534779157536
Zixibacteria,52,-1.252163331014875,-1.5624329929621183,-2.222813093844837,-1.4307319936328367,-2.674430283949306,-0.3647049317849894,0.6352950682150107
Alicyclobacillales,1,-1.252163331014875,-1.5624329929621183,-2.222813093844837,-1.4307319936328367,-2.674430283949306,-0.3647049317849894,0.6352950682150107
Alteromonadales,23,-1.252163331014875,-1.5624329929621183,-2.222813093844837,-1.4307319936328367,2.129590760783951,-0.3647049317849894,0.6352950682150107
Azospirillales,18,-1.252163331014875,-1.5624329929621183,-2.222813093844837,-1.4307319936328367,-2.674430283949306,-0.3647049317849894,0.6352950682150107
Ardenticatenales,25,-1.252163331014875,-1.5624329929621183,-2.222813093844837,-1.4307319936328367,-2.674430283949306,-0.3647049317849894,0.6352950682150107
Thermoanaerobacterales,1,-1.252163331014875,-1.5624329929621183,-2.222813093844837,-1.4307319936328367,-2.674430283949306,-0.3647049317849894,0.6352950682150107
BD7-11,8,-1.252163331014875,-1.5624329929621183,-2.222813093844837,-1.4307319936328367,-2.674430283949306,-0.3647049317849894,0.6352950682150107
Thermomicrobiales,35,-1.252163331014875,-1.5624329929621183,-2.222813093844837,-1.4307319936328367,-2.674430283949306,-0.3647049317849894,0.6352950682150107
Thiotrichales,9,-1.252163331014875,-1.5624329929621183,-2.222813093844837,-1.4307319936328367,-2.674430283949306,-0.3647049317849894,0.6352950682150107
Tistrellales,41,-1.252163331014875,-1.5624329929621183,-2.222813093844837,-1.4307319936328367,-2.674430283949306,-0.3647049317849894,0.6352950682150107
UASB-TL25,8,-1.252163331014875,-1.5624329929621183,-2.222813093844837,-1.4307319936328367,-2.674430283949306,-0.3647049317849894,0.6352950682150107
V2072-189E03,1,-1.252163331014875,-1.5624329929621183,-2.222813093844837,-1.4307319936328367,-2.674430283949306,-0.3647049317849894,0.6352950682150107
VHS-B3-70,1,-1.252163331014875,-1.5624329929621183,-2.222813093844837,-1.4307319936328367,-2.674430283949306,-0.3647049317849894,0.6352950682150107
Vampirovibrionales,3,-1.252163331014875,-1.5624329929621183,-2.222813093844837,-1.4307319936328367,-2.674430283949306,-0.3647049317849894,0.6352950682150107
Veillonellales-Selenomonadales,5,-1.252163331014875,-1.5624329929621183,-2.222813093844837,-1.4307319936328367,-2.674430283949306,-0.3647049317849894,0.6352950682150107
Vibrionales,1,-1.252163331014875,-1.5624329929621183,-2.222813093844837,-1.4307319936328367,-2.674430283949306,-0.3647049317849894,0.6352950682150107
ADurb.Bin180,5,-1.252163331014875,-1.5624329929621183,-2.222813093844837,-1.4307319936328367,-2.674430283949306,-0.3647049317849894,0.6352950682150107
Defferrisomatales,1,-1.252163331014875,-1.5624329929621183,-2.222813093844837,-1.4307319936328367,-2.674430283949306,-0.3647049317849894,0.6352950682150107
Defluviicoccales,36,-1.252163331014875,-1.5624329929621183,-2.222813093844837,-1.4307319936328367,-2.674430283949306,-0.3647049317849894,0.6352950682150107
Bacteriovoracales,50,-1.252163331014875,-1.5624329929621183,-2.222813093844837,-1.4307319936328367,2.4788613105484734,-0.3647049317849894,0.6352950682150107
Dehalococcoidia,1,-1.252163331014875,-1.5624329929621183,-2.222813093844837,-1.4307319936328367,-2.674430283949306,-0.3647049317849894,0.6352950682150107
Deinococcales,8,-1.252163331014875,-1.5624329929621183,-2.222813093844837,-1.4307319936328367,-2.674430283949306,-0.3647049317849894,0.6352950682150107
Desulfitobacteriales,5,-1.252163331014875,-1.5624329929621183,-2.222813093844837,-1.4307319936328367,2.52406674731652,-0.3647049317849894,0.6352950682150107
Desulfotomaculales,4,-1.252163331014875,-1.5624329929621183,-2.222813093844837,-1.4307319936328367,-2.674430283949306,-0.3647049317849894,0.6352950682150107
Desulfovibrionales,11,-1.252163331014875,-1.5624329929621183,-2.222813093844837,-1.4307319936328367,2.7679874265724873,-0.3647049317849894,0.6352950682150107
Desulfuromonadia,1,-1.252163331014875,-1.5624329929621183,-2.222813093844837,-1.4307319936328367,1.3860127265971132,-0.3647049317849894,0.6352950682150107
Acetothermiia,2,-1.252163331014875,-1.5624329929621183,-2.222813093844837,-1.4307319936328367,3.2005004469027245,-0.3647049317849894,0.6352950682150107
Acidiferrobacterales,5,-1.252163331014875,-1.5624329929621183,-2.222813093844837,-1.4307319936328367,-2.674430283949306,-0.3647049317849894,0.6352950682150107
Acidobacteriae,12,-1.252163331014875,-1.5624329929621183,-2.222813093844837,-1.4307319936328367,-2.674430283949306,-0.3647049317849894,0.6352950682150107
Acidobacteriales,1,-1.252163331014875,-1.5624329929621183,-2.222813093844837,-1.4307319936328367,-2.674430283949306,-0.3647049317849894,0.6352950682150107
Actinomarinales,14,-1.252163331014875,-1.5624329929621183,-2.222813093844837,-1.4307319936328367,-2.674430283949306,-0.3647049317849894,0.6352950682150107
Actinomycetales,2,-1.252163331014875,-1.5624329929621183,-2.222813093844837,-1.4307319936328367,-2.674430283949306,-0.3647049317849894,0.6352950682150107
DTU014,2,-1.252163331014875,-1.5624329929621183,-2.222813093844837,-1.4307319936328367,-2.674430283949306,-0.3647049317849894,0.6352950682150107
Dadabacteriales,1,-1.252163331014875,-1.5624329929621183,-2.222813093844837,-1.4307319936328367,-2.674430283949306,-0.3647049317849894,0.6352950682150107
Dongiales,9,-1.252163331014875,-1.5624329929621183,-2.222813093844837,-1.4307319936328367,-2.674430283949306,-0.3647049317849894,0.6352950682150107
EC3,8,-1.252163331014875,-1.5624329929621183,-2.222813093844837,-1.4307319936328367,-2.674430283949306,-0.3647049317849894,0.6352950682150107
EV818SWSAP88,6,-1.252163331014875,-1.5624329929621183,-2.222813093844837,-1.4307319936328367,-2.674430283949306,-0.3647049317849894,0.6352950682150107
Ectothiorhodospirales,6,-1.252163331014875,-1.5624329929621183,-2.222813093844837,-1.4307319936328367,-2.674430283949306,-0.3647049317849894,0.6352950682150107
Elev-16S-1166,3,-1.252163331014875,-1.5624329929621183,-2.222813093844837,-1.4307319936328367,-2.674430283949306,-0.3647049317849894,0.6352950682150107
Elsterales,5,-1.252163331014875,-1.5624329929621183,-2.222813093844837,-1.4307319936328367,-2.674430283949306,-0.3647049317849894,0.6352950682150107
Endomicrobiales,4,-1.252163331014875,-1.5624329929621183,-2.222813093844837,-1.4307319936328367,-2.674430283949306,-0.3647049317849894,0.6352950682150107
Balneolales,9,-1.252163331014875,-1.5624329929621183,-2.222813093844837,-1.4307319936328367,-2.674430283949306,-0.3647049317849894,0.6352950682150107
Beggiatoales,4,-1.252163331014875,-1.5624329929621183,-2.222813093844837,-1.4307319936328367,-2.674430283949306,-0.3647049317849894,0.6352950682150107
Entotheonellales,3,-1.252163331014875,-1.5624329929621183,-2.222813093844837,-1.4307319936328367,-2.674430283949306,-0.3647049317849894,0.6352950682150107
Eurycoccales,1,-1.252163331014875,-1.5624329929621183,-2.222813093844837,-1.4307319936328367,-2.674430283949306,-0.3647049317849894,0.6352950682150107
Euzebyales,3,-1.252163331014875,-1.5624329929621183,-2.222813093844837,-1.4307319936328367,-2.674430283949306,-0.3647049317849894,0.6352950682150107
Exiguobacterales,1,-1.252163331014875,-1.5624329929621183,-2.222813093844837,-1.4307319936328367,-2.674430283949306,-0.3647049317849894,0.6352950682150107
FCPU426,12,-1.252163331014875,-1.5624329929621183,-2.222813093844837,-1.4307319936328367,-2.674430283949306,-0.3647049317849894,0.6352950682150107
Blastocatellales,14,-1.252163331014875,-1.5624329929621183,-2.222813093844837,-1.4307319936328367,-2.674430283949306,-0.3647049317849894,0.6352950682150107
Ferrovibrionales,2,-1.252163331014875,-1.5624329929621183,-2.222813093844837,-1.4307319936328367,-2.674430283949306,-0.3647049317849894,0.6352950682150107
Fibrobacterales,35,-1.252163331014875,-1.5624329929621183,-2.222813093844837,-1.4307319936328367,3.7488166795842135,-0.3647049317849894,0.6352950682150107
Fimbriimonadales,19,-1.252163331014875,-1.5624329929621183,-2.222813093844837,-1.4307319936328367,3.368202549733075,-0.3647049317849894,0.6352950682150107
Francisellales,3,-1.252163331014875,-1.5624329929621183,-2.222813093844837,-1.4307319936328367,-2.674430283949306,-0.3647049317849894,0.6352950682150107
GOUTB8,4,-1.252163331014875,-1.5624329929621183,-2.222813093844837,-1.4307319936328367,-2.674430283949306,-0.3647049317849894,0.6352950682150107
GWA2-38-13b,1,-1.252163331014875,-1.5624329929621183,-2.222813093844837,-1.4307319936328367,2.223409516001605,-0.3647049317849894,0.6352950682150107
GWB1-42-6,3,-1.252163331014875,-1.5624329929621183,-2.222813093844837,-1.4307319936328367,-2.674430283949306,-0.3647049317849894,0.6352950682150107
Ga0077536,15,-1.252163331014875,-1.5624329929621183,-2.222813093844837,-1.4307319936328367,-2.674430283949306,-0.3647049317849894,0.6352950682150107
Cloacimonadales,3,-1.252163331014875,-1.5624329929621183,-2.222813093844837,-1.4307319936328367,-2.674430283949306,-0.3647049317849894,0.6352950682150107
Clostridia_UCG-014,1,-1.252163331014875,-1.5624329929621183,-2.222813093844837,-1.4307319936328367,-2.674430283949306,-0.3647049317849894,0.6352950682150107
Competibacterales,26,-1.252163331014875,-1.5624329929621183,-2.222813093844837,-1.4307319936328367,-2.674430283949306,-0.3647049317849894,0.6352950682150107
Subgroup_5,1,-1.252163331014875,-1.5624329929621183,-2.222813093844837,-1.4307319936328367,-2.674430283949306,-0.3647049317849894,0.6352950682150107
DG-20,1,-1.252163331014875,-1.5624329929621183,-2.222813093844837,-1.4307319936328367,-2.674430283949306,-0.3647049317849894,0.6352950682150107
DG-56,1,-1.252163331014875,-1.5624329929621183,-2.222813093844837,-1.4307319936328367,-2.674430283949306,-0.3647049317849894,0.6352950682150107
DS-100,4,-1.252163331014875,-1.5624329929621183,-2.222813093844837,-1.4307319936328367,-2.674430283949306,-0.3647049317849894,0.6352950682150107
Kazania,1,-1.252163331014875,-1.5624329929621183,-2.222813093844837,-1.4307319936328367,-2.674430283949306,-0.3647049317849894,0.6352950682150107
Kiloniellales,5,-1.252163331014875,-1.5624329929621183,-2.222813093844837,-1.4307319936328367,-2.674430283949306,-0.3647049317849894,0.6352950682150107
Kineosporiales,9,-1.252163331014875,-1.5624329929621183,-2.222813093844837,-1.4307319936328367,-2.674430283949306,-0.3647049317849894,0.6352950682150107
Gastranaerophilales,22,-1.252163331014875,-1.5624329929621183,-2.222813093844837,-1.4307319936328367,-2.674430283949306,-0.3647049317849894,0.6352950682150107
Gemmatales,297,-1.252163331014875,-1.5624329929621183,-2.222813093844837,-1.4307319936328367,-2.674430283949306,-0.3647049317849894,0.6352950682150107
Subgroup_7,7,-1.252163331014875,-1.5624329929621183,-2.222813093844837,-1.4307319936328367,-2.674430283949306,-0.3647049317849894,0.6352950682150107
Gitt-GS-136,3,-1.252163331014875,-1.5624329929621183,-2.222813093844837,-1.4307319936328367,-2.674430283949306,-0.3647049317849894,0.6352950682150107
Subgroup_9,2,-1.252163331014875,-1.5624329929621183,-2.222813093844837,-1.4307319936328367,-2.674430283949306,-0.3647049317849894,0.6352950682150107
Haliangiales,26,-1.252163331014875,-1.5624329929621183,-2.222813093844837,-1.4307319936328367,-2.674430283949306,-0.3647049317849894,0.6352950682150107
Halothiobacillales,10,-1.252163331014875,-1.5624329929621183,-2.222813093844837,-1.4307319936328367,-2.674430283949306,-0.3647049317849894,0.6352950682150107
Holophagales,6,-1.252163331014875,-1.5624329929621183,-2.222813093844837,-1.4307319936328367,-2.674430283949306,-0.3647049317849894,0.6352950682150107
Holosporales,11,-1.252163331014875,-1.5624329929621183,-2.222813093844837,-1.4307319936328367,-2.674430283949306,-0.3647049317849894,0.6352950682150107
Hydrogenedentiales,34,-1.252163331014875,-1.5624329929621183,-2.222813093844837,-1.4307319936328367,4.105491623522946,-0.3647049317849894,0.6352950682150107
IMCC26256,16,-1.252163331014875,-1.5624329929621183,-2.222813093844837,-1.4307319936328367,2.449533695453953,-0.3647049317849894,0.6352950682150107
Iainarchaeales,8,-1.252163331014875,-1.5624329929621183,-2.222813093844837,-1.4307319936328367,2.0260500818431106,-0.3647049317849894,0.6352950682150107
Sumerlaeales,55,-1.252163331014875,-1.5624329929621183,-2.222813093844837,-1.4307319936328367,-2.674430283949306,-0.3647049317849894,0.6352950682150107
AT-s3-28,2,-1.252163331014875,-1.5624329929621183,-2.222813093844837,-1.4307319936328367,-2.674430283949306,-0.3647049317849894,0.6352950682150107
Candidatus_Uhrbacteria,8,-1.252163331014875,-1.5624329929621183,-2.222813093844837,-1.4307319936328367,1.8899179075185302,-0.3647049317849894,0.6352950682150107
Candidatus_Yanofskybacteria,11,-1.252163331014875,-1.5624329929621183,-2.222813093844837,-1.4307319936328367,3.314531132940558,-0.3647049317849894,0.6352950682150107
Syntrophobacterales,38,-1.252163331014875,-1.5624329929621183,-2.222813093844837,-1.4307319936328367,-2.674430283949306,-0.3647049317849894,0.6352950682150107
Cellvibrionales,39,-1.252163331014875,-1.5624329929621183,-2.222813093844837,-1.4307319936328367,-2.674430283949306,-0.3647049317849894,0.6352950682150107
Chloroflexales,41,-1.252163331014875,-1.5624329929621183,-2.222813093844837,-1.4307319936328367,4.303783458681393,-0.3647049317849894,0.6352950682150107
Isosphaerales,73,-1.252163331014875,-1.5624329929621183,-2.222813093844837,-1.4307319936328367,3.41461459149754,-0.3647049317849894,0.6352950682150107
JG30-KF-CM66,4,-1.252163331014875,-1.5624329929621183,-2.222813093844837,-1.4307319936328367,-2.674430283949306,-0.3647049317849894,0.6352950682150107
JG36-GS-52,11,-1.252163331014875,-1.5624329929621183,-2.222813093844837,-1.4307319936328367,-2.674430283949306,-0.3647049317849894,0.6352950682150107
JG36-TzT-191,1,-1.252163331014875,-1.5624329929621183,-2.222813093844837,-1.4307319936328367,-2.674430283949306,-0.3647049317849894,0.6352950682150107
JGI_0000069-P22,11,-1.252163331014875,-1.5624329929621183,-2.222813093844837,-1.4307319936328367,-0.10948092648776919,-0.3647049317849894,0.6352950682150107
JTB23,2,-1.252163331014875,-1.5624329929621183,-2.222813093844837,-1.4307319936328367,-2.674430283949306,-0.3647049317849894,0.6352950682150107
KF-JG30-C25,3,-1.252163331014875,-1.5624329929621183,-2.222813093844837,-1.4307319936328367,-2.674430283949306,-0.3647049317849894,0.6352950682150107
Deep_Sea_Euryarchaeotic_Group(DSEG),1,-1.252163331014875,-1.5624329929621183,-2.222813093844837,-1.4307319936328367,-2.674430283949306,-0.3647049317849894,0.6352950682150107
Kallotenuales,3,-1.252163331014875,-1.5624329929621183,-2.222813093844837,-1.4307319936328367,-2.674430283949306,-0.3647049317849894,0.6352950682150107
Armatimonadales,1,-1.252163331014875,-1.5624329929621183,-2.222813093844837,-1.4307319936328367,-2.674430283949306,-0.3647049317849894,0.6352950682150107
Candidatus_Azambacteria,1,-1.252163331014875,-1.5624329929621183,-2.222813093844837,-1.4307319936328367,3.6729589257067046,-0.3647049317849894,0.6352950682150107
Candidatus_Campbellbacteria,5,-1.252163331014875,-1.5624329929621183,-2.222813093844837,-1.4307319936328367,-2.674430283949306,-0.3647049317849894,0.6352950682150107
Arenicellales,22,-1.252163331014875,-1.5624329929621183,-2.222813093844837,-1.4307319936328367,2.978058896319345,-0.3647049317849894,0.6352950682150107
WS2,6,-1.252163331014875,-1.5624329929621183,-2.222813093844837,-1.4307319936328367,-2.674430283949306,-0.3647049317849894,0.6352950682150107
Kordiimonadales,1,-1.252163331014875,-1.5624329929621183,-2.222813093844837,-1.4307319936328367,-2.674430283949306,-0.3647049317849894,0.6352950682150107
Ktedonobacterales,1,-1.252163331014875,-1.5624329929621183,-2.222813093844837,-1.4307319936328367,-2.674430283949306,-0.3647049317849894,0.6352950682150107
LCP-89,22,-1.252163331014875,-1.5624329929621183,-2.222813093844837,-1.4307319936328367,3.9172434480593523,-0.3647049317849894,0.6352950682150107
LD1-PB3,3,-1.252163331014875,-1.5624329929621183,-2.222813093844837,-1.4307319936328367,2.3560076374431294,-0.3647049317849894,0.6352950682150107
Latescibacterales,31,-1.252163331014875,-1.5624329929621183,-2.222813093844837,-1.4307319936328367,2.1213602616474354,-0.3647049317849894,0.6352950682150107
Latescibacterota,79,-1.252163331014875,-1.5624329929621183,-2.222813093844837,-1.4307319936328367,2.3295160219961533,-0.3647049317849894,0.6352950682150107
Leptolyngbyales,16,-1.252163331014875,-1.5624329929621183,-2.222813093844837,-1.4307319936328367,-2.674430283949306,-0.3647049317849894,0.6352950682150107
Leptospirales,18,-1.252163331014875,-1.5624329929621183,-2.222813093844837,-1.4307319936328367,-2.674430283949306,-0.3647049317849894,0.6352950682150107
Limnochordia,5,-1.252163331014875,-1.5624329929621183,-2.222813093844837,-1.4307319936328367,-2.674430283949306,-0.3647049317849894,0.6352950682150107
Lineage_IIa,2,-1.252163331014875,-1.5624329929621183,-2.222813093844837,-1.4307319936328367,-2.674430283949306,-0.3647049317849894,0.6352950682150107
WS4,5,-1.252163331014875,-1.5624329929621183,-2.222813093844837,-1.4307319936328367,-2.674430283949306,-0.3647049317849894,0.6352950682150107
Candidatus_Peribacteria,5,-1.252163331014875,-1.5624329929621183,-2.222813093844837,-1.4307319936328367,3.2005004469027245,-0.3647049317849894,0.6352950682150107
Lineage_IIc,1,-1.252163331014875,-1.5624329929621183,-2.222813093844837,-1.4307319936328367,-2.674430283949306,-0.3647049317849894,0.6352950682150107
Acanthopleuribacterales,7,-1.252163331014875,-1.5624329929621183,-2.222813093844837,-1.4307319936328367,-2.674430283949306,-0.3647049317849894,0.6352950682150107
MB-A2-108,18,-1.252163331014875,-1.5624329929621183,-2.222813093844837,-1.4307319936328367,-2.674430283949306,-0.3647049317849894,0.6352950682150107
AT-s3-44,1,-1.252163331014875,-1.5624329929621183,-2.222813093844837,-1.4307319936328367,-2.674430283949306,-0.3647049317849894,0.6352950682150107
MSB-5B2,2,-1.252163331014875,-1.5624329929621183,-2.222813093844837,-1.4307319936328367,-2.674430283949306,-0.3647049317849894,0.6352950682150107
Xanthomonadales,72,-1.252163331014875,-1.5624329929621183,-2.222813093844837,-1.4307319936328367,0.8809177775401076,-0.3647049317849894,0.6352950682150107
MVP-21,1,-1.252163331014875,-1.5624329929621183,-2.222813093844837,-1.4307319936328367,-2.674430283949306,-0.3647049317849894,0.6352950682150107
MVP-88,5,-1.252163331014875,-1.5624329929621183,-2.222813093844837,-1.4307319936328367,-2.674430283949306,-0.3647049317849894,0.6352950682150107
Margulisbacteria,15,-1.252163331014875,-1.5624329929621183,-2.222813093844837,-1.4307319936328367,-2.674430283949306,-0.3647049317849894,0.6352950682150107
Marine_Benthic_Group_D_and_DHVEG-1,4,-1.252163331014875,-1.5624329929621183,-2.222813093844837,-1.4307319936328367,-2.674430283949306,-0.3647049317849894,0.6352950682150107
Methanobacteriales,1,-1.252163331014875,-1.5624329929621183,-2.222813093844837,-1.4307319936328367,-2.674430283949306,-0.3647049317849894,0.6352950682150107
Caenarcaniphilales,2,-1.252163331014875,-1.5624329929621183,-2.222813093844837,-1.4307319936328367,-2.674430283949306,-0.3647049317849894,0.6352950682150107
Caldilineales,118,-1.252163331014875,-1.5624329929621183,-2.222813093844837,-1.4307319936328367,-2.674430283949306,-0.3647049317849894,0.6352950682150107
Caldisericales,1,-1.252163331014875,-1.5624329929621183,-2.222813093844837,-1.4307319936328367,-2.674430283949306,-0.3647049317849894,0.6352950682150107
Zavarziniales,1,-1.252163331014875,-1.5624329929621183,-2.222813093844837,-1.4307319936328367,-2.674430283949306,-0.3647049317849894,0.6352950682150107
Candidatus_Abawacabacteria,2,-1.252163331014875,-1.5624329929621183,-2.222813093844837,-1.4307319936328367,-2.674430283949306,-0.3647049317849894,0.6352950682150107
Oceanospirillales,17,-1.252163331014875,-1.5624329929621183,-2.222813093844837,-1.4307319936328367,-2.674430283949306,-0.3647049317849894,0.6352950682150107
Methanomassiliicoccales,1,-1.252163331014875,-1.5624329929621183,-2.222813093844837,-1.4307319936328367,-2.674430283949306,-0.3647049317849894,0.6352950682150107
Methanomicrobiales,2,-1.252163331014875,-1.5624329929621183,-2.222813093844837,-1.4307319936328367,-2.674430283949306,-0.3647049317849894,0.6352950682150107
Methanosarciniales,6,-1.252163331014875,-1.5624329929621183,-2.222813093844837,-1.4307319936328367,-2.674430283949306,-0.3647049317849894,0.6352950682150107
Methylacidiphilales,20,-1.252163331014875,-1.5624329929621183,-2.222813093844837,-1.4307319936328367,3.309505996737885,-0.3647049317849894,0.6352950682150107
Methylococcales,12,-1.252163331014875,-1.5624329929621183,-2.222813093844837,-1.4307319936328367,1.3686209838852443,-0.3647049317849894,0.6352950682150107
Methylomirabilales,6,-1.252163331014875,-1.5624329929621183,-2.222813093844837,-1.4307319936328367,-2.674430283949306,-0.3647049317849894,0.6352950682150107
Micavibrionales,28,-1.252163331014875,-1.5624329929621183,-2.222813093844837,-1.4307319936328367,-2.674430283949306,-0.3647049317849894,0.6352950682150107
Micromonosporales,7,-1.252163331014875,-1.5624329929621183,-2.222813093844837,-1.4307319936328367,-2.674430283949306,-0.3647049317849894,0.6352950682150107
Micropepsales,3,-1.252163331014875,-1.5624329929621183,-2.222813093844837,-1.4307319936328367,-2.674430283949306,-0.3647049317849894,0.6352950682150107
MidBa8,2,-1.252163331014875,-1.5624329929621183,-2.222813093844837,-1.4307319936328367,-2.674430283949306,-0.3647049317849894,0.6352950682150107
Moduliflexales,2,-1.252163331014875,-1.5624329929621183,-2.222813093844837,-1.4307319936328367,-2.674430283949306,-0.3647049317849894,0.6352950682150107
Mycoplasmatales,1,-1.252163331014875,-1.5624329929621183,-2.222813093844837,-1.4307319936328367,-2.674430283949306,-0.3647049317849894,0.6352950682150107
Myxococcales,33,-1.252163331014875,-1.5624329929621183,-2.222813093844837,-1.4307319936328367,-2.674430283949306,-0.3647049317849894,0.6352950682150107
Lineage_IIb,12,-1.252163331014875,-1.5624329929621183,-2.222813093844837,-1.4307319936328367,-2.674430283949306,-0.3647049317849894,0.6352950682150107
Peptococcales,2,-1.252163331014875,-1.5624329929621183,-2.222813093844837,-1.4307319936328367,-2.674430283949306,-0.3647049317849894,0.6352950682150107
NB1-j,67,-1.252163331014875,-1.5624329929621183,-2.222813093844837,-1.4307319936328367,-2.674430283949306,-0.3647049317849894,0.6352950682150107
Nannocystales,18,-1.252163331014875,-1.5624329929621183,-2.222813093844837,-1.4307319936328367,-2.674430283949306,-0.3647049317849894,0.6352950682150107
Nitrococcales,1,-1.252163331014875,-1.5624329929621183,-2.222813093844837,-1.4307319936328367,-2.674430283949306,-0.3647049317849894,0.6352950682150107
Nitrosococcales,4,-1.252163331014875,-1.5624329929621183,-2.222813093844837,-1.4307319936328367,-2.674430283949306,-0.3647049317849894,0.6352950682150107
Nitrosopumilales,5,-1.252163331014875,-1.5624329929621183,-2.222813093844837,-1.4307319936328367,-2.674430283949306,-0.3647049317849894,0.6352950682150107
Nitrososphaerales,3,-1.252163331014875,-1.5624329929621183,-2.222813093844837,-1.4307319936328367,-2.674430283949306,-0.3647049317849894,0.6352950682150107
Nitrospirales,21,-1.252163331014875,-1.5624329929621183,-2.222813093844837,-1.4307319936328367,-2.674430283949306,-0.3647049317849894,0.6352950682150107
OLB14,8,-1.252163331014875,-1.5624329929621183,-2.222813093844837,-1.4307319936328367,-2.674430283949306,-0.3647049317849894,0.6352950682150107
OM182_clade,1,-1.252163331014875,-1.5624329929621183,-2.222813093844837,-1.4307319936328367,-2.674430283949306,-0.3647049317849894,0.6352950682150107
OM190,85,-1.252163331014875,-1.5624329929621183,-2.222813093844837,-1.4307319936328367,-2.674430283949306,-0.3647049317849894,0.6352950682150107
OPB41,5,-1.252163331014875,-1.5624329929621183,-2.222813093844837,-1.4307319936328367,-2.674430283949306,-0.3647049317849894,0.6352950682150107
Obscuribacterales,10,-1.252163331014875,-1.5624329929621183,-2.222813093844837,-1.4307319936328367,-2.674430283949306,-0.3647049317849894,0.6352950682150107
Planctomycetales,149,-1.252163331014875,-1.5624329929621183,-2.222813093844837,-1.4307319936328367,-2.674430283949306,-0.3647049317849894,0.6352950682150107
Polyangiales,76,-1.252163331014875,-1.5624329929621183,-2.222813093844837,-1.4307319936328367,1.4687044424422266,-0.3647049317849894,0.6352950682150107
Pseudanabaenales,24,-1.252163331014875,-1.5624329929621183,-2.222813093844837,-1.4307319936328367,-2.674430283949306,-0.3647049317849894,0.6352950682150107
Pseudonocardiales,16,-1.252163331014875,-1.5624329929621183,-2.222813093844837,-1.4307319936328367,-2.674430283949306,-0.3647049317849894,0.6352950682150107
Puniceispirillales,5,-1.252163331014875,-1.5624329929621183,-2.222813093844837,-1.4307319936328367,-2.674430283949306,-0.3647049317849894,0.6352950682150107
Pyrinomonadales,1,-1.252163331014875,-1.5624329929621183,-2.222813093844837,-1.4307319936328367,-2.674430283949306,-0.3647049317849894,0.6352950682150107
Oxyphotobacteria_Incertae_Sedis,24,-1.252163331014875,-1.5624329929621183,-2.222813093844837,-1.4307319936328367,-2.674430283949306,-0.3647049317849894,0.6352950682150107
P9X2b3D02,2,-1.252163331014875,-1.5624329929621183,-2.222813093844837,-1.4307319936328367,-2.674430283949306,-0.3647049317849894,0.6352950682150107
PAUC26f,4,-1.252163331014875,-1.5624329929621183,-2.222813093844837,-1.4307319936328367,-2.674430283949306,-0.3647049317849894,0.6352950682150107
PLTA13,10,-1.252163331014875,-1.5624329929621183,-2.222813093844837,-1.4307319936328367,-2.674430283949306,-0.3647049317849894,0.6352950682150107
PS-B29,2,-1.252163331014875,-1.5624329929621183,-2.222813093844837,-1.4307319936328367,-2.674430283949306,-0.3647049317849894,0.6352950682150107
Paenibacillales,4,-1.252163331014875,-1.5624329929621183,-2.222813093844837,-1.4307319936328367,-2.674430283949306,-0.3647049317849894,0.6352950682150107
RCP2-54,4,-1.252163331014875,-1.5624329929621183,-2.222813093844837,-1.4307319936328367,3.4783024107547984,-0.3647049317849894,0.6352950682150107
Reyranellales,7,-1.252163331014875,-1.5624329929621183,-2.222813093844837,-1.4307319936328367,-2.674430283949306,-0.3647049317849894,0.6352950682150107
Rhodothermales,5,-1.252163331014875,-1.5624329929621183,-2.222813093844837,-1.4307319936328367,-2.674430283949306,-0.3647049317849894,0.6352950682150107
Rickettsiales,186,-1.252163331014875,-1.5624329929621183,-2.222813093844837,-1.4307319936328367,3.1307046849671822,-0.3647049317849894,0.6352950682150107
Rokubacteriales,7,-1.252163331014875,-1.5624329929621183,-2.222813093844837,-1.4307319936328367,-2.674430283949306,-0.3647049317849894,0.6352950682150107
Rs-M47,3,-1.252163331014875,-1.5624329929621183,-2.222813093844837,-1.4307319936328367,3.77604013819487,-0.3647049317849894,0.6352950682150107
Rubrobacterales,1,-1.252163331014875,-1.5624329929621183,-2.222813093844837,-1.4307319936328367,-2.674430283949306,-0.3647049317849894,0.6352950682150107
S-70,3,-1.252163331014875,-1.5624329929621183,-2.222813093844837,-1.4307319936328367,-2.674430283949306,-0.3647049317849894,0.6352950682150107
Phormidesmiales,20,-1.252163331014875,-1.5624329929621183,-2.222813093844837,-1.4307319936328367,-2.674430283949306,-0.3647049317849894,0.6352950682150107
Piscirickettsiales,1,-1.252163331014875,-1.5624329929621183,-2.222813093844837,-1.4307319936328367,-2.674430283949306,-0.3647049317849894,0.6352950682150107
Pla1_lineage,13,-1.252163331014875,-1.5624329929621183,-2.222813093844837,-1.4307319936328367,3.3514356898760083,-0.3647049317849894,0.6352950682150107
Pla3_lineage,4,-1.252163331014875,-1.5624329929621183,-2.222813093844837,-1.4307319936328367,-2.674430283949306,-0.3647049317849894,0.6352950682150107
Pla4_lineage,30,-1.252163331014875,-1.5624329929621183,-2.222813093844837,-1.4307319936328367,-2.674430283949306,-0.3647049317849894,0.6352950682150107
Bradymonadales,20,-1.252163331014875,-1.5624329929621183,-2.222813093844837,-1.4307319936328367,-2.674430283949306,-0.3647049317849894,0.6352950682150107
Brevibacillales,1,-1.252163331014875,-1.5624329929621183,-2.222813093844837,-1.4307319936328367,-2.674430283949306,-0.3647049317849894,0.6352950682150107
Brevinematales,2,-1.252163331014875,-1.5624329929621183,-2.222813093844837,-1.4307319936328367,-2.674430283949306,-0.3647049317849894,0.6352950682150107
Brocadiales,1,-1.252163331014875,-1.5624329929621183,-2.222813093844837,-1.4307319936328367,-2.674430283949306,-0.3647049317849894,0.6352950682150107
Bryobacterales,31,-1.252163331014875,-1.5624329929621183,-2.222813093844837,-1.4307319936328367,-2.674430283949306,-0.3647049317849894,0.6352950682150107
C10-SB1A,1,-1.252163331014875,-1.5624329929621183,-2.222813093844837,-1.4307319936328367,-2.674430283949306,-0.3647049317849894,0.6352950682150107
CCD24,18,-1.252163331014875,-1.5624329929621183,-2.222813093844837,-1.4307319936328367,-2.674430283949306,-0.3647049317849894,0.6352950682150107
CCM11a,37,-1.252163331014875,-1.5624329929621183,-2.222813093844837,-1.4307319936328367,-2.674430283949306,-0.3647049317849894,0.6352950682150107
CCM19a,11,-1.252163331014875,-1.5624329929621183,-2.222813093844837,-1.4307319936328367,-2.674430283949306,-0.3647049317849894,0.6352950682150107
CHAB-XI-27,2,-1.252163331014875,-1.5624329929621183,-2.222813093844837,-1.4307319936328367,-2.674430283949306,-0.3647049317849894,0.6352950682150107
CK-2C2-2,1,-1.252163331014875,-1.5624329929621183,-2.222813093844837,-1.4307319936328367,-2.674430283949306,-0.3647049317849894,0.6352950682150107
CPR2,1,-1.252163331014875,-1.5624329929621183,-2.222813093844837,-1.4307319936328367,-2.674430283949306,-0.3647049317849894,0.6352950682150107
Caedibacterales,2,-1.252163331014875,-1.5624329929621183,-2.222813093844837,-1.4307319936328367,-2.674430283949306,-0.3647049317849894,0.6352950682150107
R7C24,17,-1.252163331014875,-1.5624329929621183,-2.222813093844837,-1.4307319936328367,-2.674430283949306,-0.3647049317849894,0.6352950682150107
RBG-16-55-12,3,-1.252163331014875,-1.5624329929621183,-2.222813093844837,-1.4307319936328367,-2.674430283949306,-0.3647049317849894,0.6352950682150107
Subgroup_2,2,-1.252163331014875,-1.5624329929621183,-2.222813093844837,-1.4307319936328367,-2.674430283949306,-0.3647049317849894,0.6352950682150107
Subgroup_22,47,-1.252163331014875,-1.5624329929621183,-2.222813093844837,-1.4307319936328367,-2.674430283949306,-0.3647049317849894,0.6352950682150107
Subgroup_25,1,-1.252163331014875,-1.5624329929621183,-2.222813093844837,-1.4307319936328367,-2.674430283949306,-0.3647049317849894,0.6352950682150107
S0134_terrestrial_group,3,-1.252163331014875,-1.5624329929621183,-2.222813093844837,-1.4307319936328367,-2.674430283949306,-0.3647049317849894,0.6352950682150107
S085,13,-1.252163331014875,-1.5624329929621183,-2.222813093844837,-1.4307319936328367,-2.674430283949306,-0.3647049317849894,0.6352950682150107
SAR324_clade(Marine_group_B),27,-1.252163331014875,-1.5624329929621183,-2.222813093844837,-1.4307319936328367,-2.674430283949306,-0.3647049317849894,0.6352950682150107
SG8-5,1,-1.252163331014875,-1.5624329929621183,-2.222813093844837,-1.4307319936328367,1.4199142782727945,-0.3647049317849894,0.6352950682150107
SJA-28,10,-1.252163331014875,-1.5624329929621183,-2.222813093844837,-1.4307319936328367,-2.674430283949306,-0.3647049317849894,0.6352950682150107
SM1A07,20,-1.252163331014875,-1.5624329929621183,-2.222813093844837,-1.4307319936328367,-2.674430283949306,-0.3647049317849894,0.6352950682150107
SS1-B-02-17,2,-1.252163331014875,-1.5624329929621183,-2.222813093844837,-1.4307319936328367,-2.674430283949306,-0.3647049317849894,0.6352950682150107
SZB30,2,-1.252163331014875,-1.5624329929621183,-2.222813093844837,-1.4307319936328367,-2.674430283949306,-0.3647049317849894,0.6352950682150107
Salinisphaerales,2,-1.252163331014875,-1.5624329929621183,-2.222813093844837,-1.4307319936328367,-2.674430283949306,-0.3647049317849894,0.6352950682150107
Schekmanbacteria,1,-1.252163331014875,-1.5624329929621183,-2.222813093844837,-1.4307319936328367,-2.674430283949306,-0.3647049317849894,0.6352950682150107
Blfdi19,25,-1.252163331014875,-1.5624329929621183,-2.222813093844837,-1.4307319936328367,-2.674430283949306,-0.3647049317849894,0.6352950682150107
Brachyspirales,1,-1.252163331014875,-1.5624329929621183,-2.222813093844837,-1.4307319936328367,-2.674430283949306,-0.3647049317849894,0.6352950682150107
TK10,6,-1.252163331014875,-1.5624329929621183,-2.222813093844837,-1.4307319936328367,-2.674430283949306,-0.3647049317849894,0.6352950682150107
TSAC18,1,-1.252163331014875,-1.5624329929621183,-2.222813093844837,-1.4307319936328367,-2.674430283949306,-0.3647049317849894,0.6352950682150107
TX1A-33,1,-1.252163331014875,-1.5624329929621183,-2.222813093844837,-1.4307319936328367,-2.674430283949306,-0.3647049317849894,0.6352950682150107
Tepidisphaerales,87,-1.252163331014875,-1.5624329929621183,-2.222813093844837,-1.4307319936328367,-2.674430283949306,-0.3647049317849894,0.6352950682150107
Thalassobaculales,5,-1.252163331014875,-1.5624329929621183,-2.222813093844837,-1.4307319936328367,-2.674430283949306,-0.3647049317849894,0.6352950682150107
Thermoactinomycetales,4,-1.252163331014875,-1.5624329929621183,-2.222813093844837,-1.4307319936328367,-2.674430283949306,-0.3647049317849894,0.6352950682150107
Sericytochromatia,12,-1.252163331014875,-1.5624329929621183,-2.222813093844837,-1.4307319936328367,-2.674430283949306,-0.3647049317849894,0.6352950682150107
Silvanigrellales,13,-1.252163331014875,-1.5624329929621183,-2.222813093844837,-1.4307319936328367,-2.674430283949306,-0.3647049317849894,0.6352950682150107
Solibacterales,2,-1.252163331014875,-1.5624329929621183,-2.222813093844837,-1.4307319936328367,-2.674430283949306,-0.3647049317849894,0.6352950682150107
Steroidobacterales,42,-1.252163331014875,-1.5624329929621183,-2.222813093844837,-1.4307319936328367,-2.674430283949306,-0.3647049317849894,0.6352950682150107
Streptomycetales,4,-1.252163331014875,-1.5624329929621183,-2.222813093844837,-1.4307319936328367,-2.674430283949306,-0.3647049317849894,0.6352950682150107
Subgroup_17,41,-1.252163331014875,-1.5624329929621183,-2.222813093844837,-1.4307319936328367,-2.674430283949306,-0.3647049317849894,0.6352950682150107
Subgroup_18,15,-1.252163331014875,-1.5624329929621183,-2.222813093844837,-1.4307319936328367,-2.674430283949306,-0.3647049317849894,0.6352950682150107
Propionibacteriales,36,-1.252163331014875,1.2101557292776628,-2.222813093844837,-1.4307319936328367,-2.674430283949306,-0.34527177876233983,0.6547282212376602
Micrarchaeales,16,3.4391845512142685,5.702996730291835,4.7270433611559355,2.5766011915996345,4.23831253654387,-0.3331967632904746,0.6668032367095253
Kapabacteriales,14,-1.252163331014875,5.4514824818484096,-2.222813093844837,-1.4307319936328367,-2.674430283949306,-0.29702743587634645,0.7029725641236535
MBNT15,28,-1.252163331014875,5.948544759051977,-2.222813093844837,-1.4307319936328367,3.1633001632166335,-0.29462496631557356,0.7053750336844264
Bdellovibrionales,139,-1.252163331014875,6.967281479007791,4.377057405367999,2.2328296524968096,5.377547794952994,0.29197432332589696,0.7080256766741031
Bathyarchaeia,15,-1.252163331014875,6.761903339744783,-2.222813093844837,5.097225923989713,-2.674430283949306,0.2889688864354668,0.7110311135645331
Candidatus_Nomurabacteria,50,-1.252163331014875,-1.5624329929621183,5.76911742600764,-1.4307319936328367,5.150815007482469,0.24408768387362995,0.7559123161263701
Aeromonadales,17,-1.252163331014875,-1.5624329929621183,5.697270105208397,-1.4307319936328367,1.3145537626149686,0.24394366956425687,0.756056330435743
Bacillales,20,-1.252163331014875,-1.5624329929621183,5.334137478168063,-1.4307319936328367,2.9495872222380326,0.24316840834521958,0.7568315916547803
SJA-15,31,-1.252163331014875,-1.5624329929621183,5.285974076789439,-1.4307319936328367,1.3686209838852443,0.24305920865271882,0.7569407913472812
Lineage_IV,7,-1.252163331014875,-1.5624329929621183,5.073600174929083,-1.4307319936328367,2.1213602616474354,0.24255816614790113,0.757441833852099
Entomoplasmatales,2,-1.252163331014875,-1.5624329929621183,5.019269265412125,-1.4307319936328367,1.1542111125397891,0.24242461823484968,0.7575753817651503
Opitutales,96,-1.252163331014875,-1.5624329929621183,5.015683747049528,-1.4307319936328367,4.485638923646821,0.24241572467264097,0.757584275327359
Pedosphaerales,56,-1.252163331014875,-1.5624329929621183,4.8238341840039185,-1.4307319936328367,-2.674430283949306,0.24192479470189404,0.7580752052981059
Candidatus_Shapirobacteria,1,-1.252163331014875,-1.5624329929621183,4.73943037042137,-1.4307319936328367,1.6563030563370251,0.24169901297585275,0.7583009870241473
Paracaedibacterales,43,-1.252163331014875,-1.5624329929621183,4.646201356820869,-1.4307319936328367,-2.674430283949306,0.24144223630988082,0.7585577636901193
Peptostreptococcales-Tissierellales,55,-1.252163331014875,-1.5624329929621183,4.4655416201019245,-1.4307319936328367,5.706484889174304,0.24092122218086312,0.7590787778191368
Gracilibacteria,22,-1.252163331014875,-1.5624329929621183,4.361978298540879,-1.4307319936328367,4.604198658371376,0.2406076920438038,0.7593923079561962
Candidatus_Komeilibacteria,6,-1.252163331014875,-1.5624329929621183,4.300749212304675,-1.4307319936328367,0.09815843829047521,0.24041692131845885,0.7595830786815412
WPS-2,9,-1.252163331014875,-1.5624329929621183,4.249533200656064,-1.4307319936328367,2.4960537110888454,0.24025414485436555,0.7597458551456344
TA06,4,-1.252163331014875,-1.5624329929621183,4.076136153011105,-1.4307319936328367,2.4007435312845207,0.2396802452076784,0.7603197547923215
PB19,16,-1.252163331014875,-1.5624329929621183,4.068756045713483,-1.4307319936328367,4.007678313500503,0.23965500442570722,0.7603449955742927
BD2-11_terrestrial_group,4,-1.252163331014875,-1.5624329929621183,4.063185000664028,-1.4307319936328367,2.177599979970311,0.23963590527286338,0.7603640947271366
Caulobacterales,147,-1.252163331014875,-1.5624329929621183,4.001745335430523,-1.4307319936328367,5.738290885870221,0.23942263631081553,0.7605773636891844
Enterobacterales,12,-1.252163331014875,-1.5624329929621183,3.7810739732617016,-1.4307319936328367,4.401378580029081,0.23861455413970578,0.7613854458602942
Gemmatimonadales,60,-1.252163331014875,-1.5624329929621183,3.714723111237589,-1.4307319936328367,-2.674430283949306,0.23835782255551904,0.761642177444481
MVP-15,8,-1.252163331014875,-1.5624329929621183,3.411976509324412,-1.4307319936328367,3.148615611533713,0.23709569284926846,0.7629043071507315
Syntrophorhabdales,3,-1.252163331014875,-1.5624329929621183,3.360683214936862,-1.4307319936328367,-2.674430283949306,0.23686580047008388,0.7631341995299161
Dehalococcoidales,1,-1.252163331014875,5.479853178977625,0.07977199914920874,-1.4307319936328367,-2.674430283949306,-0.23618332374942508,0.7638166762505749
RF39,3,-1.252163331014875,-1.5624329929621183,3.09039288519695,-1.4307319936328367,-2.674430283949306,0.23556676661424356,0.7644332333857564
Oscillospirales,5,-1.252163331014875,-1.5624329929621183,2.6055006434574643,-1.4307319936328367,-2.674430283949306,0.23279226645348905,0.7672077335465111
KI89A_clade,11,-1.252163331014875,-1.5624329929621183,2.5563103992666925,-1.4307319936328367,-2.674430283949306,0.23247241255932216,0.7675275874406777
FW22,1,-1.252163331014875,-1.5624329929621183,2.5045747248675037,-1.4307319936328367,-2.674430283949306,0.23212722255544468,0.7678727774445553
Rhodospirillales,18,-1.252163331014875,-1.5624329929621183,2.4021597194394335,-1.4307319936328367,-2.674430283949306,0.23141589770024357,0.7685841022997564
Calditrichales,17,-1.252163331014875,-1.5624329929621183,0.7729191797091537,-1.4307319936328367,-2.674430283949306,0.21094781848560984,0.78905218151439
RBG-13-46-9,3,6.826834927670278,-1.5624329929621183,-2.222813093844837,4.979442888333331,-2.674430283949306,-0.17515701594891958,0.8248429840510805
Thermoanaerobaculales,56,-1.252163331014875,3.7207707357758704,-2.222813093844837,1.747321836715109,2.484625015265223,0.1442874132881467,0.8557125867118534
Candidatus_Magasanikbacteria,20,-1.252163331014875,4.63604572353019,2.23153420240867,-1.4307319936328367,3.329456783157233,-0.1296630291725477,0.8703369708274522
NKB15,5,-1.252163331014875,6.212422773703402,3.2152662150783584,-1.4307319936328367,3.72748691277788,-0.1231119802822741,0.8768880197177258
Ignavibacteriales,34,-1.252163331014875,6.8531703426924855,3.7535378154530967,-1.4307319936328367,3.6799397568480448,-0.1161584058282771,0.8838415941717228
Anaerolineales,311,4.454946933734,7.929093397722144,7.289999436055761,5.145737575415387,6.88084640306022,0.11101383309495602,0.8889861669050441
Spirochaetales,121,-1.252163331014875,6.328897764699771,3.940501710189804,-1.4307319936328367,3.180641638253121,-0.09767796746369711,0.9023220325363028
Cytophagales,287,-1.252163331014875,6.13831480154968,4.435197952025911,-1.4307319936328367,4.650718674006269,-0.07429848898624625,0.9257015110137536
Berkelbacteria,21,5.671465297123552,-1.5624329929621183,-2.222813093844837,5.555834465773589,4.770987272752381,-0.029946306885971774,0.9700536931140282
