order,Unique ASVs,GL_111724_10m_0_V,GL_111724_10m_200_V,GL_111724_10m_400_V,GL_111724_10m_600_V,GL_111724_10m_800_V,GL_111724_10m_Cnt_V,r_value,p_value
Sphingomonadales,121,5.266204478077708,5.491550282194476,5.887375957841279,6.375781884726907,6.620925555827589,4.978145627129582,0.992604194707116,0.0007626577380520655
Desulfobacterales,122,2.914116377828324,3.2270521287743708,3.37099317595126,3.555822887389338,3.746834196411351,2.9593890372713263,0.9914781758174476,0.0009431413505427443
Syntrophobacterales,38,1.886159471420779,2.032390835000504,2.135521704565953,2.3643683014208055,2.4070598509263528,1.1402305938551573,0.9849281176054516,0.002216158497110035
Reyranellales,7,2.2058808976171767,2.027500849706312,1.3145411524961226,0.872181651166053,0.04998657264823736,3.650603850080218,-0.9826394096643722,0.0027387122916072092
Acidobacteriae,12,3.167093316882844,2.589913842262796,2.4814726851417097,1.8423156150610316,1.148598861316347,3.219672135534993,-0.9788163035275486,0.0036893652615217283
Micavibrionales,28,4.16139726847793,3.9008101858984747,1.8784766015760619,1.2987001684720498,0.04998657264823736,3.4064480426783277,-0.9775877771676339,0.00401417059524222
Oxyphotobacteria_Incertae_Sedis,24,3.371983427887703,3.0174792973716262,2.242880222886453,2.134021837812538,1.0796059898293962,3.44519380925417,-0.9727268769660674,0.005384575469633779
Blfdi19,25,2.390452174145147,2.037257024651677,1.4686918323233815,0.38932987944246866,0.327618309246517,3.0480078732150266,-0.971296686637857,0.005812368969643945
Cytophagales,287,6.081646362922885,6.4660491214467655,6.573140712663539,7.208291630082883,7.260598210053067,6.3819776089147995,0.9686972652379544,0.006616945000245691
PeM15,18,3.379324834746071,3.5846129431386724,3.6957693728092815,4.274088001308809,4.398456423793276,2.849298347238099,0.9673958949525283,0.007032453215183206
Propionibacteriales,36,1.64542015821619,1.851044412364756,2.748903916657036,3.2525154970344765,3.3443408586923438,0.8990685370382692,0.9658361792811753,0.007541284813409062
Puniceispirillales,5,4.179868075391734,3.978997605470265,2.9479323059527163,2.7157661882586943,2.4835999280486876,4.883553138441314,-0.9584800163021266,0.010092440641060164
Saccharimonadales,61,3.3517807205701837,3.2969308706868916,3.013764368802578,2.9983849587539284,2.636245716696525,2.997272355173628,-0.9568128419885216,0.010703658389137055
SM1A07,20,1.8954187968335763,1.7528059727813425,1.2992736803653342,0.48776995225572106,0.5923108634735992,1.9564378671723297,-0.9457667884589019,0.015037200229755032
Chromatiales,84,3.1422391925421413,3.456967382691411,3.4219957304036326,3.5673837097904144,3.801840825923562,3.0265784817591275,0.9443554429255687,0.01562461770022369
PB19,16,4.968282774549965,5.183666546267057,4.1896454382615,2.38332621516542,1.0937906248213523,3.53378746505493,-0.9442144064905891,0.015683720455147918
KD4-96,65,3.7061974776253237,3.6457235916961452,3.8945283873222003,4.100375629013666,4.155600727128569,3.0827335845888566,0.9390715745118612,0.017887693940454037
Tistrellales,41,3.5419482519927525,3.6940971759803616,3.6659164096596006,3.9908844277979423,4.299624019276374,3.1894583569384967,0.9364882181750163,0.01902979284112121
Pseudanabaenales,24,3.451864179127166,3.651537561561565,2.6543154979811208,0.6055529879121044,0.3864588092694503,4.161816246235482,-0.9318011259059628,0.021159544909191922
KI89A_clade,11,2.032974339757824,1.815326329762676,1.4289515036738676,0.6596202091823802,0.8741620156145871,2.4264414964180654,-0.931111956024019,0.021478817323902482
Corynebacteriales,40,5.817893900715792,5.885440293861404,6.032498751788827,6.675263758186341,6.669739727967669,4.762664948560941,0.9304201735082557,0.021800852678029975
RBG-16-55-12,3,-3.4844785567068834,-3.2906191441379042,-2.8751135895303026,-0.20537722830422434,0.23230812944219226,-2.597439024428211,0.9293528839195198,0.022300723615692297
Acetobacterales,82,5.358125923971142,5.466849997332844,5.5833906055372555,6.028420564511109,5.949006829364939,5.498159676949979,0.9290799571582115,0.022429137772149176
Obscuribacterales,10,1.4133612432440277,1.5614111197817127,0.38298294849117953,0.42323143111815,-0.46083905111775314,2.3370349087024804,-0.9286163974453372,0.02264779187696679
Phycisphaerales,200,4.642039612073826,4.692138557873209,4.460520392396899,4.148121322755119,4.153621181777431,4.411969908280426,-0.9257748637663541,0.02400297232584401
Rhodothermales,5,-0.018742653907156903,-0.4002473862417397,-0.5725284965362567,-2.9779659505440055,-3.168889252219963,-2.597439024428211,-0.9252346068194572,0.024263495794157965
Opitutales,96,4.479677162134053,4.826394943599405,5.144828098147062,5.039671209364473,5.310186617083146,6.045681723585816,0.9237355319577607,0.024991116755085734
GOUTB8,4,-0.2656027318386829,-1.4988596749098493,-2.8751135895303026,-2.9779659505440055,-3.168889252219963,-1.2111446633083205,-0.9234873143907509,0.02511226453629816
Gracilibacteria,22,0.3867224542010077,-1.0933945668016847,-2.8751135895303026,-2.9779659505440055,-3.168889252219963,2.589946781412544,-0.9185029851408566,0.02758448576391129
WOR-1,14,-3.4844785567068834,-3.2906191441379042,-1.0833541203022476,-0.7807413732077859,-0.6839826024319628,-2.597439024428211,0.9162345264553517,0.028734126785620585
DTU014,2,-3.4844785567068834,-3.2906191441379042,-2.8751135895303026,-0.7807413732077859,-0.9716646748837436,-2.597439024428211,0.9147701540412726,0.02948423489446545
CCM11a,37,0.17908308942276285,1.0268689693984059,1.26802113686123,1.1329079136293059,2.1638295410454056,0.7698568055582631,0.9113561386558584,0.03125693217726373
Desulfomonilales,18,-0.5400395775404432,0.0766766858485699,0.4207232764740265,0.6329519621002189,0.5687803660634052,-0.032489666966674324,0.9096171679862515,0.03217255457105064
Gaiellales,83,3.3897199387464108,3.386464317109232,3.4420510972169813,3.7542447559232004,3.770364693821545,3.000982934570164,0.908789926737815,0.0326110877375105
Fimbriimonadales,19,2.2159650166838034,2.080018883989758,1.7098538891402697,1.3124934906043855,1.5132419749042567,1.1637610912653513,-0.9071522293441292,0.033484843923034045
Tepidisphaerales,87,3.0153084839489708,3.1940160914973474,3.3825539983523365,3.5529116771818794,3.449849731297256,3.7269199379530997,0.9059548961754142,0.03412831672393768
Leptospirales,18,0.4667651618745441,1.4098612216545123,-0.9292034404749894,-2.9779659505440055,-3.168889252219963,-0.29485393143416516,-0.9056799053362505,0.03427665536030922
Caulobacterales,147,6.114112942642776,6.199849844635144,6.854496652994534,7.273322285905749,7.0553766002571345,5.617026136330975,0.902717436885437,0.03588767552271756
Phormidesmiales,20,2.782721991834479,3.013829658284077,2.3233834417355235,1.8011575425675241,1.8215433345587728,3.0585527863916413,-0.9015891477574464,0.03650743863267101
SJA-28,10,-0.9195291992453467,0.0766766858485699,-0.10252486729052146,0.38932987944246866,0.5687803660634052,-2.597439024428211,0.8995746443167485,0.03762238020063767
Rhizobiales,414,6.898220105825893,7.253590074904398,8.0140788109643,8.316218756576804,8.088860051854745,7.339918412615533,0.8980246927138827,0.03848746288665613
Rhodobacterales,203,6.207114436692925,6.534528416946971,7.625973435553854,7.489669959439949,7.669435969476898,6.192677868464261,0.8972889906269732,0.038900272777967246
Cellvibrionales,39,3.691775975310261,3.6339932519106557,3.128773477576236,3.208242673356488,2.139378445181242,3.770748161922281,-0.8960587664758866,0.03959369067965049
Frankiales,84,4.692475311518897,4.676661034804296,4.763084654755477,5.069543560437417,5.025340052599854,3.881070617780358,0.8907122098517177,0.042652125833312585
MVP-15,8,-3.4844785567068834,-3.2906191441379042,-2.8751135895303026,-2.9779659505440055,-1.7825948911000726,-2.597439024428211,0.8889283567384108,0.04368852954531791
Synechococcales,92,6.8935958560077895,6.9498405200610875,6.814747480383456,6.027561826802691,4.91010900646519,6.832197507133288,-0.886206055341942,0.04528529474975916
Clostridiales,46,2.3115791940584884,2.262340440783713,2.3559950273242842,2.6953573166274873,2.6833132275545113,1.6930204167201799,0.8838953474850823,0.04665481286889691
Elsterales,5,0.5045054898573911,1.4098612216545123,0.06932538963613766,-2.9779659505440055,-3.168889252219963,0.3469999547382292,-0.8822572327369298,0.047633488305460756
Flavobacteriales,187,4.439231777262354,4.260042098967432,4.719770797686217,5.6795107863192875,5.512970560751508,6.126768336372353,0.8820814377670505,0.04773889666684817
Omnitrophales,184,1.2429092620054574,1.3245013727033554,1.252020795514789,1.4528508482993079,1.6186024905620826,-0.9880011119941108,0.8776564984900225,0.050416226511827096
Burkholderiales,785,6.738916215575762,6.437979163421565,6.044473331469613,6.218478316240066,6.008204525962584,9.184589486792376,-0.8759683573026131,0.05144972965800683
PLTA13,10,2.2520937407723087,2.5471113030280352,2.3233834417355235,2.902567035856695,3.0214261536331843,2.5955178264619994,0.8745625010427078,0.05231544512400766
Polyangiales,76,4.030866014473553,4.287526328281562,3.691558840272938,2.5632975946144203,2.7921160874033104,4.604477293103416,-0.8735427127629309,0.05294626486760854
Ga0077536,15,3.3278665374705954,3.1630058547547875,2.7667934814078112,2.9804587424857765,2.078134819940523,3.0120327707567487,-0.8723797727280389,0.053668534776306454
Endomicrobiales,4,-3.4844785567068834,-3.2906191441379042,-2.8751135895303026,-2.9779659505440055,-1.559451339785863,-1.2111446633083205,0.8720792677768103,0.05385567042593112
Desulfovibrionales,11,-3.4844785567068834,-3.2906191441379042,-2.8751135895303026,0.1575282653851442,-0.6039398947584265,-1.2111446633083205,0.8687467346268433,0.05594463294685664
Rokubacteriales,7,-0.1171827267204093,0.1751167586618223,-0.47721831673193194,-1.0320558014886922,-3.168889252219963,-2.597439024428211,-0.8670069448825405,0.05704508108726664
MSBL9,8,-3.4844785567068834,-3.2906191441379042,-2.8751135895303026,-2.9779659505440055,-1.3771297829919082,-2.597439024428211,0.8600409689878802,0.061517826819464404
Bacillales,20,0.1264393559373409,-0.11256531378995849,0.651246935085859,1.8972313726571457,1.4462312646212965,-0.29485393143416516,0.8589217442679453,0.062246260417217925
Balneolales,9,3.004726374618434,4.278792648312807,1.740006927310957,1.4408746572525928,0.12694761378436592,2.7448952275366,-0.8584477144106053,0.06255558409810286
Anaerolineales,311,4.217173805935342,4.298210734169908,4.196459774681229,4.475016378921454,4.63862078999623,3.8209259115080005,0.8566451924487919,0.06373616653615358
Euzebyales,3,-3.4844785567068834,-3.2906191441379042,-1.2656756770962023,0.11307650281431059,-0.9716646748837436,-2.597439024428211,0.8563586175644226,0.06392449631263432
Fibrobacterales,35,0.884969295760138,1.1520321123524124,0.8137658645836336,0.5483945740721561,-0.12436681449654019,0.29293273346795345,-0.8535294842704806,0.0657930032197173
Competibacterales,26,1.1206916292812084,1.4098612216545123,0.4207232764740265,0.6596202091823802,-0.7709939794215925,0.6983978415761181,-0.8511386649490212,0.06738504806400132
Enterobacterales,12,1.913684144810869,1.862672450359875,2.073646300847866,3.0357492054987967,2.7606998911699314,1.40989416080426,0.8487871572758707,0.06896242703023843
Solirubrobacterales,47,3.151467998979763,2.723096011904898,2.476744543945764,2.6315058446409543,2.4220977282908933,2.0939088578009324,-0.8479065752398626,0.06955603154287922
Cyanobacteriales,112,5.468902915460359,5.538607210593945,4.93847796342213,3.895197883668512,4.409767598374799,5.719105693501187,-0.8474099635592867,0.06989149657705983
Vibrionales,1,-3.4844785567068834,-3.2906191441379042,-2.8751135895303026,-2.9779659505440055,-1.0894477105401275,-2.597439024428211,0.8438477972558791,0.07231239571988612
Marine_Benthic_Group_D_and_DHVEG-1,4,-0.845421227091625,-0.7256697866763675,-0.5725284965362567,-2.9779659505440055,-3.168889252219963,-2.597439024428211,-0.8408154649073829,0.07439324745659578
PS-B29,2,-3.4844785567068834,-3.2906191441379042,-2.8751135895303026,-0.41301659308246874,-1.3771297829919082,-2.597439024428211,0.840119695321372,0.07487327263750403
Brocadiales,1,-3.4844785567068834,-3.2906191441379042,-2.8751135895303026,-2.9779659505440055,-0.9716646748837436,-2.597439024428211,0.8380732352739777,0.07629068942071512
Actinomarinales,14,0.4667651618745441,1.0660896825516875,1.0167067085803239,0.9340570548841405,1.7727531703893407,-2.597439024428211,0.8372565371104532,0.07685864053431715
MB-A2-108,18,1.8954187968335763,2.262340440783713,2.161839012883327,2.7586063469351867,2.5282042342854414,1.8911973453039286,0.8358248509254296,0.07785740399293117
Caldisericales,1,-3.4844785567068834,-3.2906191441379042,-2.8751135895303026,-2.9779659505440055,-0.8663041592259173,-2.597439024428211,0.8332734947519627,0.07964709922453125
Methanomassiliicoccales,1,-3.4844785567068834,-3.2906191441379042,-2.8751135895303026,-2.9779659505440055,-0.8663041592259173,-1.2111446633083205,0.8332734947519627,0.07964709922453125
Gemmatimonadales,60,3.492802784923864,3.8143463041319383,3.3274219276576202,3.2164394405606664,2.9156101608552083,4.151320523063468,-0.8325413608700483,0.08016298001759521
KF-JG30-C25,3,-3.4844785567068834,-1.2111776024580685,-0.9292034404749894,-0.14475260648778931,-0.6039398947584265,-0.8056795552001561,0.8320516955071978,0.08050858370178259
Planctomycetales,149,6.46756103641141,6.448229586456577,7.2818915181750175,8.13990007903194,7.519161725509389,7.558906209405518,0.8301862632978592,0.08182938545228743
OM190,85,2.8956439801928813,2.8006907379397936,2.6778459953913147,2.4292058209161134,2.611854263572366,3.2802967573514277,-0.8281869064111024,0.0832523356237573
Rubrobacterales,1,-3.4844785567068834,-3.2906191441379042,-2.8751135895303026,-2.9779659505440055,-0.6839826024319628,-2.597439024428211,0.8256964486744452,0.08503531680101671
Bdellovibrionales,139,5.130929682206308,5.259815381058134,5.503736652264189,3.9247767866145873,3.2494756837162484,5.166007364299151,-0.8255981485507052,0.08510593017469588
Oligoflexales,55,5.506087581424693,5.889365107823378,5.905520209964681,4.1569249010218785,3.5716301073862597,5.067376760857524,-0.8242722511647669,0.08606013775328333
Brevinematales,2,-3.4844785567068834,-3.2906191441379042,-2.8751135895303026,-2.9779659505440055,-0.6039398947584265,-2.597439024428211,0.8226330414366967,0.0872443294813819
Vicinamibacterales,94,2.7996556043639185,2.5982588141949763,2.689406817792391,3.2797016373386336,3.401993710119621,2.5205547879885444,0.8214791198549007,0.08808091170367872
Erysipelotrichales,13,-1.2872539793706639,-0.4574058000816881,-2.8751135895303026,-2.9779659505440055,-3.168889252219963,0.3982932491257798,-0.8209702783944816,0.08845059352009922
Oceanospirillales,17,1.1404942565773872,1.3045007059966856,0.4207232764740265,0.6596202091823802,0.35747127239619836,4.009211161770004,-0.8199310834298289,0.08920705759790036
Nannocystales,18,2.353251890459056,2.874798710093516,0.12061868402368825,0.6055529879121044,0.08920728580151893,2.5145487639283326,-0.8190835344347502,0.08982547474608024
Deinococcales,8,-3.4844785567068834,-2.1920068554697947,-0.2360562599150442,-1.591671589424115,-0.17315697866597235,-2.597439024428211,0.8190388521815835,0.08985811358482403
Lactobacillales,5,2.2391065452454972,-0.5825689430356942,-1.0833541203022476,0.11307650281431059,-3.168889252219963,-2.597439024428211,-0.8168852058716352,0.0914355691357777
Brevibacillales,1,-3.4844785567068834,-3.2906191441379042,-2.8751135895303026,-2.9779659505440055,-0.33567590816374704,-2.597439024428211,0.8133766968859264,0.09402328636764096
Holophagales,6,-3.4844785567068834,-3.2906191441379042,-2.8751135895303026,-2.9779659505440055,-0.2785174943237987,-0.8056795552001561,0.8115845133904052,0.09535359334652216
Alicyclobacillales,1,-3.4844785567068834,-3.2906191441379042,-2.8751135895303026,-2.9779659505440055,-0.17315697866597235,-2.597439024428211,0.8084284115102724,0.0977101022537531
Bryobacterales,31,1.2340203145882107,2.4064743423675004,2.0448673362978225,2.214990900346205,2.8374639073817693,2.3152158613078413,0.8080239682412771,0.09801334382062787
Candidatus_Kerfeldbacteria,19,-3.4844785567068834,-3.2906191441379042,-2.8751135895303026,-2.9779659505440055,-0.12436681449654019,-2.597439024428211,0.8070281434165278,0.09876120531862459
Methylacidiphilales,20,2.1213235095891143,2.230841773724342,2.3343725633111188,1.6948628839179003,0.8564624385151864,1.9772719540751718,-0.8011165320556013,0.10323613055630837
Azospirillales,18,1.8237891406943216,1.163728152115603,1.4289515036738676,0.577382110945408,0.9086481916857565,-0.4002144470919915,-0.7995747891688887,0.10441302920477878
BD7-11,8,0.6586561696846491,-0.07174331926970368,-0.9292034404749894,-2.9779659505440055,-1.3771297829919082,-2.597439024428211,-0.7975755772932039,0.1059451364892707
Nitrosopumilales,5,-0.9195291992453467,-0.2948868705839134,-0.31016423206876587,-2.9779659505440055,-3.168889252219963,0.041618305187047344,-0.7946174865438758,0.10822441593847307
WPS-2,9,1.5328012801080408,1.091407490535977,1.2357602746430087,-0.20537722830422434,0.44202866042426114,1.1402305938551573,-0.7879164063175091,0.11344146466019914
Desulfatiglandales,36,1.633515255709872,1.8568753326755485,1.6681811927397012,1.8342184048284116,2.1541207269184452,1.4800984194775086,0.7798569055138604,0.11981286321661011
Limnochordia,5,-3.4844785567068834,-0.8057124943499039,-0.31016423206876587,0.31787091546032364,-0.39630052998018206,-2.597439024428211,0.7796457749526515,0.11998116840992451
SL56_marine_group,2,-0.08328117504472798,0.5160433456324154,0.015258168365861913,1.7041652765802144,1.213137382453918,0.29293273346795345,0.7743265558647588,0.1242446330235432
Gemmatales,297,4.790897818129523,4.671796535983161,4.716748125359631,4.719609396258337,4.4731551506532945,5.566217151740221,-0.7722161287497287,0.1259484415384785
Micrococcales,50,4.461076871546606,4.533426866718388,4.340861413121163,4.425095140546086,3.8584252618198134,4.292152283926255,-0.7715076658760872,0.12652195155401808
Kallotenuales,3,-3.4844785567068834,-1.681181231703804,-2.8751135895303026,-0.5800706777456348,-1.0894477105401275,-2.597439024428211,0.7669871152458936,0.13019957136276708
Pla1_lineage,13,-3.4844785567068834,-1.2111776024580685,-2.8751135895303026,-0.08759419264784096,-0.39630052998018206,-1.2111446633083205,0.7667587803824442,0.13038615834339595
LCP-89,22,-0.9195291992453467,-0.9880340511438583,-0.16706338842809254,-2.9779659505440055,-3.168889252219963,-0.5179974827483753,-0.7625141776100588,0.13386907020717498
Streptomycetales,4,-0.018742653907156903,-0.4002473862417397,-0.39020693974230225,0.6855956955856408,0.8741620156145871,-0.29485393143416516,0.7582376503985981,0.13740551955473426
SBR1031,243,5.010059944144548,5.111836369807909,4.885353439683118,4.515907936239554,4.751193946833271,4.7543608446295655,-0.7565444975659097,0.13881316600849278
Latescibacterales,31,0.8722302699827083,1.692987477570432,1.481595237159289,1.8011575425675241,1.7214598760017905,0.6214368004399895,0.756412580913539,0.1389230159380422
Sumerlaeales,55,2.5044828601829803,2.499341026759349,1.904009903581227,1.5863822409238306,2.012894298072122,1.3915450221360635,-0.7537224234517991,0.14116874432714452
Nitrososphaerales,3,-1.6927190874788285,-0.4574058000816881,-2.8751135895303026,-2.9779659505440055,-3.168889252219963,-2.597439024428211,-0.7526273569009937,0.1420859311499805
CCD24,18,1.0263809498099663,0.44705047414546417,0.762472570196083,1.6948628839179003,1.7583644329372419,1.463003986118208,0.7447473193259535,0.14873706758331004
Acidiferrobacterales,5,2.3326326032563207,1.7719758888890627,0.651246935085859,1.4879421681105782,0.8741620156145871,1.0661226217014352,-0.7441597984953088,0.14923652444154717
Candidatus_Kaiserbacteria,36,1.7572684583527591,1.6438547889927873,1.113870457033972,0.4560212539411408,1.135175840984207,3.7429202792995406,-0.7433423053115703,0.1499322973031218
Subgroup_22,47,2.0990177520748157,2.112058237734375,1.9769166743893143,2.2260407365327897,2.5448435532894056,0.493603428930105,0.7354823366908958,0.1566698736465372
Bacteriovoracales,50,3.4692056541636536,4.05861168047543,3.9492600805127838,2.9983849587539284,2.4405825429649965,3.5118085583361545,-0.7306240559626622,0.16087722749416317
MBNT15,28,1.5717672486414243,1.4098612216545123,0.8137658645836336,1.4040606841298757,0.5687803660634052,1.0914404296857252,-0.7293800264706922,0.16195976814755814
Desulfobaccales,71,1.7029072491338715,2.032390835000504,1.613522780201837,2.115784250262757,2.387938809479574,1.9772719540751718,0.7283398971833728,0.16286649001441933
WCHB1-81,13,-3.4844785567068834,-2.1920068554697947,-2.8751135895303026,-2.9779659505440055,0.29684665057976334,-2.597439024428211,0.7169448265068636,0.17289495528331128
Candidatus_Komeilibacteria,6,-3.4844785567068834,-3.2906191441379042,-1.2656756770962023,-2.9779659505440055,-0.9716646748837436,-2.597439024428211,0.7114448126386894,0.17779654278530604
Candidatus_Peregrinibacteria,21,-1.1818934637128375,-1.681181231703804,-1.0833541203022476,-1.1862064813159505,-0.39630052998018206,-0.11253237464021071,0.7098522361988155,0.17922314686676946
Eurycoccales,1,3.297713499299908,3.692243607331038,4.108676375727832,1.8178245950527359,1.861548669172472,3.5700774664601305,-0.7091217323250103,0.17987861004486083
Syntrophales,45,0.012029004759596784,-1.681181231703804,-0.16706338842809254,-1.0320558014886922,-3.168889252219963,-2.597439024428211,-0.6993836714290985,0.18868105338037608
Methylococcales,12,1.6688130377908958,0.37294250199174206,-0.16706338842809254,0.11307650281431059,0.23230812944219226,-0.9880011119941108,-0.6948340115220017,0.19283428145497034
CHAB-XI-27,2,-0.2656027318386829,-1.4988596749098493,0.8860865261632598,0.38932987944246866,1.0796059898293962,0.041618305187047344,0.69423460310579,0.19338336614475807
Pedosphaerales,56,3.7489768619145556,3.8362716647609036,3.882980914897428,3.38333652702899,3.4980675402092434,4.924961206958914,-0.6908696428558463,0.19647398945230185
Staphylococcales,4,0.012029004759596784,-3.2906191441379042,-2.8751135895303026,-2.9779659505440055,-3.168889252219963,-2.597439024428211,-0.6874077507063494,0.19966801844020063
Brachyspirales,1,-0.34898434077773377,-3.2906191441379042,-2.8751135895303026,-2.9779659505440055,-3.168889252219963,-2.597439024428211,-0.6841336065315481,0.20270211800569715
P9X2b3D02,2,-0.43995611898346043,-3.2906191441379042,-2.8751135895303026,-2.9779659505440055,-3.168889252219963,-2.597439024428211,-0.6831393312798739,0.20362603733802093
Absconditabacteriales_(SR1),31,0.8722302699827083,0.7698238664085149,0.5260837921318529,1.1329079136293059,-3.168889252219963,-1.4988267357601013,-0.6782673711916607,0.2081702124857804
Candidatus_Yanofskybacteria,11,-0.7118898344671023,0.005217721866424885,-0.04190024547408644,-0.03352697137756522,-0.03339503629081353,-2.597439024428211,0.6782087084155713,0.208225099152846
SS1-B-02-17,2,-0.845421227091625,-3.2906191441379042,-2.8751135895303026,-2.9779659505440055,-3.168889252219963,-2.597439024428211,-0.6775055971625771,0.2088832658067649
CPR2,1,-0.9195291992453467,-3.2906191441379042,-2.8751135895303026,-2.9779659505440055,-3.168889252219963,-2.597439024428211,-0.6761982436234123,0.2101085905578483
LD1-PB3,3,-0.9995719069188831,-3.2906191441379042,-2.8751135895303026,-2.9779659505440055,-3.168889252219963,-2.597439024428211,-0.6746596858603437,0.21155317079680253
Pyrinomonadales,1,-0.9995719069188831,-3.2906191441379042,-2.8751135895303026,-2.9779659505440055,-3.168889252219963,-2.597439024428211,-0.6746596858603437,0.21155317079680253
JG36-TzT-191,1,-1.0865832839085128,-3.2906191441379042,-2.8751135895303026,-2.9779659505440055,-3.168889252219963,-2.597439024428211,-0.6728172980843017,0.21328664617621615
Haliangiales,26,2.0003183767837713,1.815326329762676,1.2992736803653342,1.5328935559728443,1.5673091961745325,1.8092802228360423,-0.6705055569588909,0.21546728685965838
MSB-5B2,2,-3.4844785567068834,-2.1920068554697947,-2.8751135895303026,-2.9779659505440055,-1.3771297829919082,-2.597439024428211,0.6646818327998903,0.22098791718014607
Candidatus_Staskawiczbacteria,22,-1.4050370150270477,-3.2906191441379042,-2.8751135895303026,-2.9779659505440055,-3.168889252219963,-2.597439024428211,-0.6640521044336659,0.2215871840160468
Chlamydiales,120,2.2259484606679862,2.9593560981215785,2.224752838293896,2.7258165241121954,3.345823438652567,1.9458557578417928,0.655912370600101,0.2293732679658657
Ardenticatenales,25,1.159912342434489,0.44705047414546417,0.8384584771740053,1.3658394713096786,1.6909231521417087,0.3982932491257798,0.6536950047867414,0.23150706696554907
Margulisbacteria,15,0.3441628397822116,1.2526756381320996,-2.8751135895303026,0.017766323009985374,-3.168889252219963,0.8990685370382692,-0.6516222222993773,0.2335066224328291
Lineage_IIb,12,0.9343620510897148,-0.4574058000816881,-0.5725284965362567,-0.20537722830422434,-0.46083905111775314,-2.597439024428211,-0.6450536098828774,0.23987409861042724
S-BQ2-57_soil_group,17,1.3907187664942677,0.8682639392217673,-0.2360562599150442,1.165168775847527,-0.46083905111775314,-1.2111446633083205,-0.6407329432640247,0.24408779834083016
Holosporales,11,1.8578556952579275,1.4367686745744366,2.3288930975464925,0.48776995225572106,0.8200947943443113,0.29293273346795345,-0.6388557980386307,0.24592466551209827
Desulfotomaculales,4,-1.4050370150270477,-3.2906191441379042,-1.0833541203022476,-1.0320558014886922,-0.2785174943237987,-2.597439024428211,0.633852629530724,0.25083862881625474
FCPU426,12,-0.9995719069188831,-0.6515618145226458,-0.16706338842809254,0.7109135035699308,-0.39630052998018206,0.44708341329521195,0.6301827913370807,0.25445965988788377
Nitrosococcales,4,0.012029004759596784,-0.5180304218981231,-0.39020693974230225,0.1575282653851442,0.46869690750642246,-2.597439024428211,0.6228921462267942,0.2616945014465604
WS2,6,-3.4844785567068834,-0.8927238713395336,-2.8751135895303026,1.28471392649731,-0.8663041592259173,-1.2111446633083205,0.6207246263426333,0.2638558693653189
WS4,5,-3.4844785567068834,-3.2906191441379042,0.34376223533789796,-2.9779659505440055,0.08920728580151893,-2.597439024428211,0.6175791137647882,0.26700087031207664
Altiarchaeales,1,-3.4844785567068834,-3.2906191441379042,-2.8751135895303026,-2.9779659505440055,-3.168889252219963,-2.597439024428211,0.6134449749376862,0.27114936791476507
V2072-189E03,1,-3.4844785567068834,-3.2906191441379042,-2.8751135895303026,-2.9779659505440055,-3.168889252219963,-2.597439024428211,0.6134449749376862,0.27114936791476507
Rs-M47,3,-3.4844785567068834,-3.2906191441379042,-2.8751135895303026,-2.9779659505440055,-3.168889252219963,-2.597439024428211,0.6134449749376862,0.27114936791476507
RF39,3,-3.4844785567068834,-3.2906191441379042,-2.8751135895303026,-2.9779659505440055,-3.168889252219963,-2.597439024428211,0.6134449749376862,0.27114936791476507
RBG-13-46-9,3,-3.4844785567068834,-3.2906191441379042,-2.8751135895303026,-2.9779659505440055,-3.168889252219963,-0.4002144470919915,0.6134449749376862,0.27114936791476507
Kazania,1,-3.4844785567068834,-3.2906191441379042,-2.8751135895303026,-2.9779659505440055,-3.168889252219963,-2.597439024428211,0.6134449749376862,0.27114936791476507
Salinisphaerales,2,-3.4844785567068834,-3.2906191441379042,-2.8751135895303026,-2.9779659505440055,-3.168889252219963,-2.597439024428211,0.6134449749376862,0.27114936791476507
SZB30,2,-3.4844785567068834,-3.2906191441379042,-2.8751135895303026,-2.9779659505440055,-3.168889252219963,-2.597439024428211,0.6134449749376862,0.27114936791476507
FS117-23B-02,1,-3.4844785567068834,-3.2906191441379042,-2.8751135895303026,-2.9779659505440055,-3.168889252219963,-2.597439024428211,0.6134449749376862,0.27114936791476507
Clostridia_UCG-014,1,-3.4844785567068834,-3.2906191441379042,-2.8751135895303026,-2.9779659505440055,-3.168889252219963,-2.597439024428211,0.6134449749376862,0.27114936791476507
Acholeplasmatales,4,-3.4844785567068834,-3.2906191441379042,-2.8751135895303026,-2.9779659505440055,-3.168889252219963,-2.597439024428211,0.6134449749376862,0.27114936791476507
Candidatus_Shapirobacteria,1,-3.4844785567068834,-3.2906191441379042,-2.8751135895303026,-2.9779659505440055,-3.168889252219963,-2.597439024428211,0.6134449749376862,0.27114936791476507
Pasteurellales,1,-3.4844785567068834,-3.2906191441379042,-2.8751135895303026,-2.9779659505440055,-3.168889252219963,-2.597439024428211,0.6134449749376862,0.27114936791476507
Acetothermiia,2,-3.4844785567068834,-3.2906191441379042,-2.8751135895303026,-2.9779659505440055,-3.168889252219963,-2.597439024428211,0.6134449749376862,0.27114936791476507
AT-s3-44,1,-3.4844785567068834,-3.2906191441379042,-2.8751135895303026,-2.9779659505440055,-3.168889252219963,-2.597439024428211,0.6134449749376862,0.27114936791476507
Marinimicrobia_(SAR406_clade),8,-3.4844785567068834,-3.2906191441379042,-2.8751135895303026,-2.9779659505440055,-3.168889252219963,-2.597439024428211,0.6134449749376862,0.27114936791476507
MVP-21,1,-3.4844785567068834,-3.2906191441379042,-2.8751135895303026,-2.9779659505440055,-3.168889252219963,-2.597439024428211,0.6134449749376862,0.27114936791476507
JS1,2,-3.4844785567068834,-3.2906191441379042,-2.8751135895303026,-2.9779659505440055,-3.168889252219963,-2.597439024428211,0.6134449749376862,0.27114936791476507
Armatimonadales,1,-3.4844785567068834,-3.2906191441379042,-2.8751135895303026,-2.9779659505440055,-3.168889252219963,-2.597439024428211,0.6134449749376862,0.27114936791476507
VHS-B3-70,1,-3.4844785567068834,-3.2906191441379042,-2.8751135895303026,-2.9779659505440055,-3.168889252219963,-2.597439024428211,0.6134449749376862,0.27114936791476507
Hadarchaeia,1,-3.4844785567068834,-3.2906191441379042,-2.8751135895303026,-2.9779659505440055,-3.168889252219963,-2.597439024428211,0.6134449749376862,0.27114936791476507
Fermentibacterales,4,-3.4844785567068834,-3.2906191441379042,-2.8751135895303026,-2.9779659505440055,-3.168889252219963,-2.597439024428211,0.6134449749376862,0.27114936791476507
GWB1-42-6,3,-3.4844785567068834,-3.2906191441379042,-2.8751135895303026,-2.9779659505440055,-3.168889252219963,-2.597439024428211,0.6134449749376862,0.27114936791476507
FW22,1,-3.4844785567068834,-3.2906191441379042,-2.8751135895303026,-2.9779659505440055,-3.168889252219963,-2.597439024428211,0.6134449749376862,0.27114936791476507
GWA2-38-13b,1,-3.4844785567068834,-3.2906191441379042,-2.8751135895303026,-2.9779659505440055,-3.168889252219963,-2.597439024428211,0.6134449749376862,0.27114936791476507
MidBa8,2,-3.4844785567068834,-3.2906191441379042,-2.8751135895303026,-2.9779659505440055,-3.168889252219963,-2.597439024428211,0.6134449749376862,0.27114936791476507
DG-20,1,-3.4844785567068834,-3.2906191441379042,-2.8751135895303026,-2.9779659505440055,-3.168889252219963,-2.597439024428211,0.6134449749376862,0.27114936791476507
NKB15,5,-3.4844785567068834,-3.2906191441379042,-2.8751135895303026,-2.9779659505440055,-3.168889252219963,-2.597439024428211,0.6134449749376862,0.27114936791476507
Chlorobiales,59,-3.4844785567068834,-3.2906191441379042,-2.8751135895303026,-2.9779659505440055,-3.168889252219963,-2.597439024428211,0.6134449749376862,0.27114936791476507
Candidatus_Azambacteria,1,-3.4844785567068834,-3.2906191441379042,-2.8751135895303026,-2.9779659505440055,-3.168889252219963,-2.597439024428211,0.6134449749376862,0.27114936791476507
Subgroup_13,1,-3.4844785567068834,-3.2906191441379042,-2.8751135895303026,-2.9779659505440055,-3.168889252219963,-2.597439024428211,0.6134449749376862,0.27114936791476507
Candidatus_Peribacteria,5,-3.4844785567068834,-3.2906191441379042,-2.8751135895303026,-2.9779659505440055,-3.168889252219963,-2.597439024428211,0.6134449749376862,0.27114936791476507
Chitinivibrionales,30,-3.4844785567068834,-3.2906191441379042,-2.8751135895303026,-2.9779659505440055,-3.168889252219963,-2.597439024428211,0.6134449749376862,0.27114936791476507
Schekmanbacteria,1,-3.4844785567068834,-3.2906191441379042,-2.8751135895303026,-2.9779659505440055,-3.168889252219963,-2.597439024428211,0.6134449749376862,0.27114936791476507
Desulfuromonadia,1,-3.4844785567068834,-3.2906191441379042,-2.8751135895303026,-2.9779659505440055,-3.168889252219963,-2.597439024428211,0.6134449749376862,0.27114936791476507
Defferrisomatales,1,-3.4844785567068834,-3.2906191441379042,-2.8751135895303026,-2.9779659505440055,-3.168889252219963,-2.597439024428211,0.6134449749376862,0.27114936791476507
Dehalococcoidales,1,-3.4844785567068834,-3.2906191441379042,-2.8751135895303026,-2.9779659505440055,-3.168889252219963,-2.597439024428211,0.6134449749376862,0.27114936791476507
SG8-5,1,-3.4844785567068834,-3.2906191441379042,-2.8751135895303026,-2.9779659505440055,-3.168889252219963,-2.597439024428211,0.6134449749376862,0.27114936791476507
LD1-PA32,4,-3.4844785567068834,-3.2906191441379042,-2.8751135895303026,-2.9779659505440055,-3.168889252219963,-2.597439024428211,0.6134449749376862,0.27114936791476507
Lineage_IV,7,-3.4844785567068834,-3.2906191441379042,-2.8751135895303026,-2.9779659505440055,-3.168889252219963,-2.597439024428211,0.6134449749376862,0.27114936791476507
Piscirickettsiales,1,-3.4844785567068834,-3.2906191441379042,-2.8751135895303026,-2.9779659505440055,-3.168889252219963,-0.1995437516298404,0.6134449749376862,0.27114936791476507
Chitinophagales,385,6.813952276477827,6.538521946269567,6.983062740295823,7.263599691398431,6.964518835909398,7.124706491427463,0.6127019400638706,0.2718967808751469
Leptolyngbyales,16,1.6092716440998789,1.6791941554380965,0.06932538963613766,0.9340570548841405,0.702311758687928,1.8684690942263726,-0.6045824769690714,0.2800993734952368
Rhodospirillales,18,0.7202140626840823,1.116100103126349,1.076130129051125,0.48776995225572106,0.4146296862361467,-0.4002144470919915,-0.6036116427664218,0.28108443836111696
Ignavibacteriales,34,2.8126307632270517,2.78472688695078,2.471993941187166,3.11560381950113,3.197581195511475,2.9159897217367714,0.6001748551784414,0.28457888844344464
Kapabacteriales,14,1.680307417216631,2.185844407793607,-0.10252486729052146,1.1329079136293059,0.46869690750642246,0.9860799140278989,-0.5998838823543252,0.28487526276510233
Steroidobacterales,42,3.8491978389508006,3.9172407272945713,3.861853368471553,3.8742766185078725,3.7819255162226204,3.6408856006112966,-0.5714806373936088,0.3141854840019389
Subgroup_7,7,1.1206916292812084,0.9140734752530615,-0.9292034404749894,-0.20537722830422434,0.19840657776651094,-0.8056795552001561,-0.5606417034571441,0.3255620371977949
Isosphaerales,73,3.4777649075593233,3.082700645439108,3.065057663190129,3.293022481314294,3.0417108248046896,3.2690290325050855,-0.5543550804882835,0.33220707197228116
SAR11_clade,3,3.7893077611380113,3.5006023185882813,3.397763417015865,3.755435941293354,3.264050840519216,3.0689876636842213,-0.5537210507777719,0.3328791186435579
SAR324_clade(Marine_group_B),27,1.0263809498099663,0.6796727694142177,0.6213939719361776,1.3124934906043855,1.2737620042703535,2.0469518747131614,0.5516795645323274,0.3350453235728039
Candidatus_Falkowbacteria,49,-3.4844785567068834,-0.9880340511438583,-0.5725284965362567,-0.6753808575499596,-1.559451339785863,-2.597439024428211,0.5497122461453727,0.33713615073597175
Defluviicoccales,36,2.5119735319121377,2.0469189355634136,2.236874198826241,2.5632975946144203,2.6975788047133333,2.147493103935039,0.5319658028033948,0.35614129536138867
Campylobacterales,55,0.4858133568452385,-0.6515618145226458,0.06932538963613766,0.28013058747747666,1.0796059898293962,0.9289215001879505,0.5314522447329497,0.35669508611194906
Latescibacterota,79,2.2649144292013697,1.8568753326755485,1.6466749875187379,2.7157661882586943,2.6087630710026932,0.7698568055582631,0.5275388001489513,0.3609220132065117
Clostridia,52,0.9698687395466239,0.7167140410945669,0.21592886382801346,1.5759109410565353,1.4658397360096727,0.3982932491257798,0.5248454238105513,0.36383818196989115
TX1A-33,1,-0.18864169070255432,-3.2906191441379042,0.1694088481931204,-2.9779659505440055,-3.168889252219963,-2.597439024428211,-0.5173731023522024,0.371958297070287
Candidatus_Campbellbacteria,5,-3.4844785567068834,-3.2906191441379042,-0.10252486729052146,-2.9779659505440055,-1.22297910316465,-2.597439024428211,0.5155612415158046,0.3739337393056505
GIF9,17,0.012029004759596784,-1.681181231703804,-1.2656756770962023,0.24090987432419508,-3.168889252219963,-1.4988267357601013,-0.5074791945210966,0.38277592433752056
Pseudonocardiales,16,0.4473470760174423,-1.4988596749098493,1.150238101204847,0.017766323009985374,1.601795372245702,-2.597439024428211,0.5047008822744503,0.3858269107970641
Dadabacteriales,1,-3.4844785567068834,-1.9043247830180137,-2.8751135895303026,-2.9779659505440055,-1.7825948911000726,-0.9880011119941108,0.5021959676665705,0.38858259400267403
Berkelbacteria,21,-1.1818934637128375,-3.2906191441379042,-0.9292034404749894,-2.9779659505440055,-3.168889252219963,-2.597439024428211,-0.5017553842170448,0.38906776520859143
Xanthomonadales,72,3.7886140392926384,4.045014837789298,3.5513748679273878,4.1758678510348375,4.144331134870338,3.830666248256385,0.5012595338002106,0.38961396794614755
Mycoplasmatales,1,-0.5400395775404432,-1.344708995082591,-2.8751135895303026,-2.9779659505440055,-1.3771297829919082,-2.597439024428211,-0.4922545261149038,0.3995647251981815
PAUC26f,4,-3.4844785567068834,-0.6515618145226458,-0.9292034404749894,-2.9779659505440055,0.08920728580151893,0.110611176673999,0.49069672821605265,0.40129209420421436
EV818SWSAP88,6,0.2290935099974245,-0.7256697866763675,-0.04190024547408644,-2.9779659505440055,-0.6039398947584265,-0.032489666966674324,-0.4890946900610432,0.40307033396445335
Ectothiorhodospirales,6,-0.4887462831528926,0.005217721866424885,-2.8751135895303026,-1.591671589424115,-1.3771297829919082,-0.29485393143416516,-0.4805907494082157,0.4125400782242356
Caenarcaniphilales,2,-3.4844785567068834,-3.2906191441379042,-2.8751135895303026,-1.3685280381099052,-3.168889252219963,-0.9880011119941108,0.4747026899085326,0.41912648767756033
JG30-KF-CM66,4,-3.4844785567068834,-0.6515618145226458,-2.8751135895303026,-2.9779659505440055,0.009164578127982548,-2.597439024428211,0.4712805127811513,0.42296551457339726
TA06,4,-3.4844785567068834,-3.2906191441379042,-2.8751135895303026,-1.1862064813159505,-3.168889252219963,-2.597439024428211,0.4653831322721846,0.429599899643256
BD2-11_terrestrial_group,4,-3.4844785567068834,-3.2906191441379042,-2.8751135895303026,-1.1862064813159505,-3.168889252219963,-2.597439024428211,0.4653831322721846,0.429599899643256
Pseudomonadales,38,2.597740353669563,4.219811412240102,3.7179309446121342,2.635162155844065,2.1143144765180253,2.8914987017284757,-0.4607607608111484,0.43481623164035793
Micrarchaeales,16,-1.8750406442727832,-0.6515618145226458,-2.8751135895303026,-1.1862064813159505,-3.168889252219963,-2.597439024428211,-0.4595428443736431,0.43619300482802065
R7C24,17,0.3867224542010077,0.7347325465972454,1.0167067085803239,0.9923259630081165,0.6377732375503564,1.0401471352981746,0.4584583979560939,0.4374197216039916
DS-100,4,0.5930588871988363,0.4229529225664037,0.49218224045617154,-2.9779659505440055,0.08920728580151893,0.2357743196280051,-0.4579438488033495,0.43800204567528633
DG-56,1,-3.4844785567068834,-3.2906191441379042,-2.8751135895303026,-0.8985244088641697,-3.168889252219963,-2.597439024428211,0.4531772003894603,0.4434047664342114
CCM19a,11,1.4427751284503216,2.185844407793607,1.9370707658421145,1.4993708639342014,2.376288192259599,1.9243495526208294,0.4531205656457269,0.4434690474404119
Victivallales,24,-2.0981841955869927,-3.2906191441379042,-2.8751135895303026,-2.9779659505440055,-0.8663041592259173,-2.597439024428211,0.4507523835278305,0.4461588122880229
CK-2C2-2,1,-3.4844785567068834,-3.2906191441379042,-2.8751135895303026,-0.7807413732077859,-3.168889252219963,-2.597439024428211,0.44889095886994806,0.44827553766326117
Rickettsiales,186,5.011695267485279,4.963649625952279,4.910607307004321,4.73849484963235,5.5656708377330295,5.162175126268692,0.4466843330891967,0.4507876795280842
TSAC18,1,-3.4844785567068834,-3.2906191441379042,-2.8751135895303026,-0.3389086209287471,-3.168889252219963,-2.597439024428211,0.43557556419863774,0.46348112723420176
Ktedonobacterales,1,-3.4844785567068834,-3.2906191441379042,-2.8751135895303026,-0.2699157494417954,-3.168889252219963,-2.597439024428211,0.4338177872125669,0.465496682094313
Candidatus_Buchananbacteria,4,-3.4844785567068834,-3.2906191441379042,-2.8751135895303026,-0.08759419264784096,-3.168889252219963,-2.597439024428211,0.4295093978763062,0.47044488822338293
Oscillospirales,5,-3.4844785567068834,-3.2906191441379042,-2.8751135895303026,-0.03352697137756522,-3.168889252219963,-2.597439024428211,0.4283177048124941,0.47181554398667186
Chloroplast,463,8.763441157775183,8.823146308107084,9.194973225133232,8.928709602198909,8.934369631918962,9.018746752314804,0.4277952760284159,0.47241669899552613
Subgroup_25,1,-3.4844785567068834,-3.2906191441379042,-2.8751135895303026,0.017766323009985374,-3.168889252219963,-2.597439024428211,0.42722062314982023,0.473078137836878
SJA-15,31,1.8088262680176088,1.3343536691463664,0.6213939719361776,1.543822626505035,1.0937906248213523,0.8990685370382692,-0.42608429404864734,0.47438666362060966
Beggiatoales,4,-1.6927190874788285,-3.2906191441379042,-1.0833541203022476,-2.9779659505440055,-3.168889252219963,0.6214368004399895,-0.42037072395422814,0.48097773835067814
Desulfitobacteriales,5,-0.7118898344671023,-3.2906191441379042,-2.8751135895303026,-0.8985244088641697,0.009164578127982548,-2.597439024428211,0.4197608199888531,0.48168245602939225
Candidatus_Magasanikbacteria,20,0.365669045003175,-0.4002473862417397,-2.8751135895303026,-2.9779659505440055,-0.39630052998018206,-1.4988267357601013,-0.4167202669453013,0.4851989439595943
Paracaedibacterales,43,2.398843831781395,2.218769192490073,2.5409868126741175,1.7494218681683353,3.4551759755799303,2.690828006266324,0.4156649291929215,0.4864207366486112
JGI_0000069-P22,11,-1.6927190874788285,-3.2906191441379042,-0.9292034404749894,-2.9779659505440055,-3.168889252219963,-2.597439024428211,-0.3987997487006635,0.5060326004887906
Hydrogenedentiales,34,1.1004889219636889,0.4935704897803568,0.8137658645836336,1.1491684345010862,1.1215701889284277,1.0134788882160133,0.39151967527451687,0.5145474475234347
Kiloniellales,5,-0.7764283556046734,-0.4002473862417397,-1.7765013008621928,-0.3389086209287471,0.04998657264823736,-2.597439024428211,0.3897738547751815,0.5165936688462317
Methanosarciniales,6,-0.9995719069188831,-3.2906191441379042,-2.8751135895303026,-1.3685280381099052,-0.5298319226047048,-2.597439024428211,0.3751873014450948,0.5337534739134493
RCP2-54,4,-3.4844785567068834,-1.344708995082591,-2.8751135895303026,-2.9779659505440055,-1.559451339785863,-2.597439024428211,0.3723556157532199,0.5370975691891247
Syntrophorhabdales,3,-3.4844785567068834,-3.2906191441379042,-0.677889012194083,-0.5800706777456348,-3.168889252219963,-2.597439024428211,0.35804615444957144,0.5540583134760537
Spirochaetales,121,2.1431425569837534,2.4064743423675004,1.904009903581227,2.6241528703356956,2.324172191120585,1.0914404296857252,0.33668952134266994,0.5795565153538721
Entotheonellales,3,-3.4844785567068834,-0.19957669077958817,-2.8751135895303026,-2.9779659505440055,-0.46083905111775314,-2.597439024428211,0.3347393243636541,0.5818954750047056
WCHB1-41,90,0.6586561696846491,-0.8927238713395336,0.06932538963613766,-0.20537722830422434,-0.2785174943237987,-2.597439024428211,-0.3329237418122709,0.5840745318973968
Micromonosporales,7,-0.34898434077773377,-0.2948868705839134,-2.8751135895303026,0.5185416109224747,0.7629363805043625,-2.597439024428211,0.3328888018004248,0.5841164813599401
Thermomicrobiales,35,2.2423691908803134,1.5614111197817127,1.7883255045817643,1.7669661778192447,2.5709036599592707,0.5380551915009386,0.33198375631510535,0.58520328252185
Thalassobaculales,5,0.15310760301950221,1.3633412060196188,0.8384584771740053,1.2116887914824197,0.7229310458906633,1.1402305938551573,0.33007237427280806,0.5874997224653752
EC3,8,-1.1818934637128375,0.1751167586618223,-1.2656756770962023,0.8932350603638857,-3.168889252219963,0.29293273346795345,-0.3300374172429135,0.5875417369496013
GIF3,22,-0.7764283556046734,-1.681181231703804,0.21592886382801346,0.1575282653851442,-3.168889252219963,-0.6515288753728978,-0.3289113222166944,0.588895469295926
Aeromonadales,17,1.9665598968588167,1.1752889745166795,0.651246935085859,2.1695285262694473,0.7629363805043625,0.8365481800569352,-0.3228875690836104,0.5961464057414432
S0134_terrestrial_group,3,-1.6927190874788285,-3.2906191441379042,-2.8751135895303026,-2.9779659505440055,-0.7709939794215925,-2.597439024428211,0.32227123868117735,0.5968891918571897
Pla3_lineage,4,0.04188196790927812,-0.346180164971464,-0.16706338842809254,-2.9779659505440055,0.04998657264823736,-2.597439024428211,-0.3193248256441169,0.6004424047172451
Bathyarchaeia,15,-0.18864169070255432,0.14336806034724203,-0.5725284965362567,-0.41301659308246874,0.519990201893973,-0.032489666966674324,0.3096943338479991,0.6120820324314287
ADurb.Bin180,5,0.6426558283382082,-3.2906191441379042,-1.488819228410412,0.6055529879121044,-3.168889252219963,-2.597439024428211,-0.3054440575306163,0.6172313231922202
Nitrospirales,21,2.597740353669563,2.4523840436715783,2.1747424177192345,2.305237778193983,2.5112833567971045,2.0469518747131614,-0.3002811618397299,0.6234961833787184
Subgroup_9,2,0.17908308942276285,0.041585366037299565,-2.8751135895303026,-2.9779659505440055,0.12694761378436592,-2.597439024428211,-0.2962007093907687,0.6284551335207472
Pla4_lineage,30,1.6153878711173153,0.5595284575721542,0.762472570196083,-0.08759419264784096,1.3197471175121764,-0.29485393143416516,-0.2938351647769847,0.631332982938044
Candidatus_Abawacabacteria,2,-0.7118898344671023,-3.2906191441379042,-2.8751135895303026,-0.7807413732077859,-3.168889252219963,-2.597439024428211,-0.29139740812991705,0.6343009746196426
Methylomirabilales,6,0.7640166853424759,1.0788287083291173,1.1853294210161165,0.38932987944246866,1.4850710979375599,0.6983978415761181,0.2839405510985933,0.6433939870466925
Zixibacteria,52,1.9579391538149098,1.1401976547054091,0.6213939719361776,2.039313886270919,2.098968906843365,1.1402305938551573,0.2835621762872011,0.6438559473906973
Microtrichales,135,5.282850591087166,5.270590932695107,5.087302090590762,5.258719372168452,5.218195253849253,5.304308494091933,-0.27926256538137717,0.6491091385443456
Caldilineales,118,3.926473318876753,3.96072583923431,4.125220870744927,4.385313636419033,3.8915871137798375,3.748197336400385,0.2753009820829544,0.6539553955142564
UASB-TL25,8,-0.9995719069188831,-0.11256531378995849,-1.488819228410412,-2.9779659505440055,-0.5298319226047048,-2.597439024428211,-0.27473862492148415,0.6546438002970459
Candidatus_Moranbacteria,56,-0.2263820186854013,-0.5825689430356942,0.26038062639884707,0.8932350603638857,-0.46083905111775314,-0.4002144470919915,0.2629775164435415,0.6690670404375008
Diplorickettsiales,39,1.5194677492385757,1.0788287083291173,2.7083827192513965,1.2705292915053539,0.8564624385151864,1.1637610912653513,-0.24729894847720657,0.6883687174183158
Kordiimonadales,1,-3.4844785567068834,-0.4574058000816881,-2.8751135895303026,-2.9779659505440055,-3.168889252219963,-2.597439024428211,-0.24566585800208,0.6903838799752516
RBG-13-54-9,27,0.407341741403743,-0.15512492820875456,-0.31016423206876587,1.1329079136293059,0.19840657776651094,-0.29485393143416516,0.24276819597007704,0.6939615830894184
Blastocatellales,14,2.135922309010266,2.3188526510470555,2.4908624254915486,0.7832341651495569,2.3684450147985734,2.4588067809200966,-0.24086943734818297,0.6963074070773566
Lineage_IIc,1,-3.4844785567068834,-0.6515618145226458,-2.8751135895303026,-2.9779659505440055,-3.168889252219963,-2.597439024428211,-0.23700986143622904,0.7010792267907581
Gastranaerophilales,22,-1.4050370150270477,0.2928997943182057,-0.31016423206876587,0.7356061161603025,-0.9716646748837436,-0.11253237464021071,0.23551360183761025,0.7029303891532284
S085,13,0.5228546285255877,-0.15512492820875456,0.21592886382801346,-2.9779659505440055,0.8200947943443113,-2.597439024428211,-0.22996910316048566,0.7097959917160164
Iainarchaeales,8,-3.4844785567068834,-0.8057124943499039,-2.8751135895303026,-2.9779659505440055,-3.168889252219963,-2.597439024428211,-0.2291080042758089,0.7108631028758343
Pirellulales,456,5.352186029650542,5.242644227455827,5.509918698283595,5.466441471146579,5.131142459559611,6.347763239531086,-0.22038599521931249,0.7216841688509008
Peptococcales,2,-3.4844785567068834,-0.9880340511438583,-2.8751135895303026,-2.9779659505440055,-3.168889252219963,-2.597439024428211,-0.2183031315688031,0.724271570140462
Gitt-GS-136,3,-0.2263820186854013,-3.2906191441379042,-0.7956720478504669,0.28013058747747666,-3.168889252219963,-2.597439024428211,-0.21808703967092394,0.7245400775168847
Christensenellales,10,0.07086950478253007,-1.4988596749098493,-1.0833541203022476,-2.9779659505440055,-0.03339503629081353,-0.4002144470919915,-0.21442329128407034,0.7290945196258416
Arenicellales,22,3.688713185779715,3.6466949370857775,3.697168953163705,3.638099234588812,3.715597399822819,3.4064480426783277,0.2137771844359262,0.7298980925689165
Entomoplasmatales,2,-3.4844785567068834,-0.4574058000816881,-0.9292034404749894,-2.9779659505440055,-3.168889252219963,-2.597439024428211,-0.21331103521053346,0.7304779217245383
Kiritimatiellales,12,-0.3934361033485674,-0.15512492820875456,-0.31016423206876587,-2.9779659505440055,0.1633152579552406,-2.597439024428211,-0.21248739932792599,0.7315025654715521
Subgroup_5,1,-3.4844785567068834,-1.0933945668016847,-2.8751135895303026,-2.9779659505440055,-3.168889252219963,-2.597439024428211,-0.2111878978957744,0.7331195911288286
Halothiobacillales,10,0.2997110772113776,-1.2111776024580685,-0.5725284965362567,0.913854347566621,-0.22445027305352294,-0.9880011119941108,0.20940361903402738,0.7353406024740106
OPB41,5,-0.4887462831528926,-3.2906191441379042,-2.8751135895303026,0.11307650281431059,-1.22297910316465,-2.597439024428211,0.20647619167452444,0.7389864441717987
Acidobacteriales,1,-3.4844785567068834,-1.2111776024580685,-2.8751135895303026,-2.9779659505440055,-3.168889252219963,-2.597439024428211,-0.20232624224129292,0.7441587623395284
Woesearchaeales,266,2.562893622339394,2.754386169898108,2.8451981870771093,2.896964780308025,2.348563644244744,1.6366674801690486,-0.20056825081954438,0.7463512187538398
NB1-j,67,3.1221716294913318,3.0211156650150106,2.8549861934432714,3.2346401452075133,2.9224206298577347,2.9438245207302147,-0.1932140455221623,0.7555315709451499
Methanomicrobiales,2,-3.4844785567068834,-1.344708995082591,-2.8751135895303026,-2.9779659505440055,-3.168889252219963,-2.597439024428211,-0.19090340519193358,0.7584187989851531
Micropepsales,3,0.4473470760174423,-3.2906191441379042,-0.2360562599150442,0.5185416109224747,-0.5298319226047048,3.7741728228036457,0.1881014985197439,0.7619216539410171
IMCC26256,16,1.725007596134538,0.8990355978885209,1.1679376783042477,0.20008787980394027,1.706308070981188,0.3982932491257798,-0.18378728559833135,0.7673188790440342
Myxococcales,33,1.4713485008943774,2.0126857639211715,-1.0833541203022476,0.24090987432419508,1.6269012933767781,1.8684690942263726,-0.18187093934281037,0.7697177201132366
Deep_Sea_Euryarchaeotic_Group(DSEG),1,-3.4844785567068834,-1.4988596749098493,-2.8751135895303026,-2.9779659505440055,-3.168889252219963,-2.597439024428211,-0.1754801325737555,0.7777237928385249
Actinomycetales,2,-3.4844785567068834,-1.4988596749098493,-2.8751135895303026,-2.9779659505440055,-3.168889252219963,-2.597439024428211,-0.1754801325737555,0.7777237928385249
Verrucomicrobiales,352,6.852575534048284,6.852239576817084,7.251877449535582,7.131722432576021,6.566357147730215,8.610115505219152,-0.17245422747481126,0.78151774521431
Babeliales,57,0.674404526652788,1.4367686745744366,1.8433852817647916,1.7669661778192447,0.12694761378436592,2.874831649243264,-0.16250142252033278,0.7940110098575682
Caedibacterales,2,-0.6512652126506673,-3.2906191441379042,-0.47721831673193194,-2.9779659505440055,-0.03339503629081353,0.44708341329521195,0.1604997075725303,0.7965262147800688
Lachnospirales,26,1.4427751284503216,0.1751167586618223,1.1679376783042477,1.0293672346884657,1.2619275466233502,-0.1995437516298404,0.15790889830044597,0.79978286162702
Acanthopleuribacterales,7,0.6426558283382082,-3.2906191441379042,0.1694088481931204,-1.591671589424115,-0.9716646748837436,-0.29485393143416516,-0.15561150764964501,0.8026718253244347
Thermoanaerobacterales,1,-3.4844785567068834,-1.681181231703804,-2.8751135895303026,-2.9779659505440055,-3.168889252219963,-2.597439024428211,-0.1532410922247346,0.8056537269783941
Dehalococcoidia,1,-3.4844785567068834,-1.681181231703804,-2.8751135895303026,-2.9779659505440055,-3.168889252219963,-2.597439024428211,-0.1532410922247346,0.8056537269783941
Subgroup_18,15,0.8462547835794476,0.3202987685063201,0.4207232764740265,0.6329519621002189,0.8014026613321588,-0.5179974827483753,0.15291666953659955,0.8060619263440236
Thermoactinomycetales,4,-3.4844785567068834,-3.2906191441379042,-1.0833541203022476,-2.9779659505440055,-3.168889252219963,-2.597439024428211,0.15263177036020698,0.8064204130209163
JTB23,2,-3.4844785567068834,-3.2906191441379042,-1.0833541203022476,-2.9779659505440055,-3.168889252219963,-0.1995437516298404,0.15263177036020698,0.8064204130209163
Geobacterales,43,0.2997110772113776,0.1751167586618223,-2.8751135895303026,-0.4930593007560051,0.009164578127982548,-2.597439024428211,-0.14967733971225422,0.8101388881619493
Cloacimonadales,3,-3.4844785567068834,-3.2906191441379042,-0.9292034404749894,-2.9779659505440055,-3.168889252219963,-2.597439024428211,0.14273608024407697,0.8188817844991424
OM182_clade,1,-3.4844785567068834,-3.2906191441379042,-0.9292034404749894,-2.9779659505440055,-3.168889252219963,-2.597439024428211,0.14273608024407697,0.8188817844991424
na,636,5.040285900205672,5.089837523704862,5.55630382486453,4.7952077299385305,5.066206245038393,5.608052588692025,-0.13891482392630602,0.8236986699191494
Legionellales,71,2.6402048341873217,3.5763141403239778,2.4814726851417097,2.9355370550942643,3.150078861526471,3.000982934570164,0.1385863432098336,0.824112859121091
AT-s3-28,2,-0.1171827267204093,-1.4988596749098493,-0.9292034404749894,-2.9779659505440055,0.08920728580151893,-0.9880011119941108,-0.13659303898296182,0.8266266747682552
OLB14,8,1.2160018090855331,1.2737290473299319,-2.8751135895303026,1.2267266688469602,0.46869690750642246,0.8990685370382692,-0.13653486971588405,0.8267000442982751
Zavarziniales,1,-3.4844785567068834,-3.2906191441379042,-0.7956720478504669,-2.9779659505440055,-3.168889252219963,-2.597439024428211,0.13513194041069776,0.8284697535631133
Vampirovibrionales,3,-3.4844785567068834,-0.8927238713395336,0.4570909206449012,-2.9779659505440055,-3.168889252219963,-0.5179974827483753,-0.13392064859781583,0.8299979989543832
Thermoanaerobaculales,56,2.496935654547597,2.7708377747901127,2.1421662472846217,2.5865544567786882,2.494071227915983,2.379294717992363,-0.13146042827194365,0.8331027493126072
MVP-88,5,-1.8750406442727832,-2.1920068554697947,-1.7765013008621928,-0.41301659308246874,-3.168889252219963,-2.597439024428211,-0.12914570244957446,0.8360248218807116
Methanofastidiosales,6,-3.4844785567068834,-3.2906191441379042,-0.677889012194083,-2.9779659505440055,-3.168889252219963,-2.597439024428211,0.12905854652480864,0.8361348635732634
Candidatus_Kuenenbacteria,4,-3.4844785567068834,-3.2906191441379042,-0.5725284965362567,-2.9779659505440055,-3.168889252219963,-2.597439024428211,0.1240650712606699,0.8424416214229925
Lineage_IIa,2,-3.4844785567068834,-3.2906191441379042,-0.5725284965362567,-2.9779659505440055,-3.168889252219963,-2.597439024428211,0.1240650712606699,0.8424416214229925
Exiguobacterales,1,-3.4844785567068834,-3.2906191441379042,-0.47721831673193194,-2.9779659505440055,-3.168889252219963,-2.597439024428211,0.11986593807389655,0.8477482046622273
Coxiellales,40,2.0914705464394325,2.8406073453452367,1.8070176375939173,3.4105954550016246,1.5132419749042567,2.0939088578009324,-0.11907237418924699,0.8487513650033209
Thiotrichales,9,2.945240921332254,2.7801185838645854,2.6423393069344048,1.9273088278944241,3.1924132253530324,2.9280139147035724,-0.11887069510298959,0.8490063270122573
Methanobacteriales,1,-3.4844785567068834,-1.9043247830180137,-2.8751135895303026,-2.9779659505440055,-3.168889252219963,-2.597439024428211,-0.11781665624351866,0.8503389399551108
Moduliflexales,2,-3.4844785567068834,-1.9043247830180137,-2.8751135895303026,-2.9779659505440055,-3.168889252219963,-2.597439024428211,-0.11781665624351866,0.8503389399551108
Izemoplasmatales,23,-3.4844785567068834,-1.9043247830180137,-2.8751135895303026,-2.9779659505440055,-3.168889252219963,-2.597439024428211,-0.11781665624351866,0.8503389399551108
Sericytochromatia,12,0.2290935099974245,2.1030084022144577,2.0375412962057498,1.2987001684720498,0.29684665057976334,2.0939088578009324,-0.11669352116529375,0.8517590953525989
Chloroflexales,41,2.9207499013239584,2.6228838615003656,2.697040442647462,3.0973800805446787,2.7526891674238527,2.5024274033959877,0.11468574611023244,0.8542983084811189
Nitrococcales,1,-3.4844785567068834,-1.4988596749098493,-0.7956720478504669,-2.9779659505440055,-3.168889252219963,-2.597439024428211,-0.11447875304324567,0.8545601244251431
Bradymonadales,20,1.539401964139393,3.030149150112678,2.953832028079905,1.956507982586686,2.307574299711548,2.8873579090624437,0.11423418710954919,0.8548694726490428
Solibacterales,2,-1.4050370150270477,-3.2906191441379042,-2.8751135895303026,-2.9779659505440055,-1.22297910316465,-1.2111446633083205,0.1109921824928608,0.858971061646119
Candidatus_Nomurabacteria,50,-0.3064247263589377,0.5805818667699869,0.6802344719591109,-0.5800706777456348,0.08920728580151893,-0.9880011119941108,-0.10684903973514237,0.8642148858677063
Fusobacteriales,19,0.8195865364972867,-3.2906191441379042,-0.9292034404749894,-2.9779659505440055,0.04998657264823736,-0.032489666966674324,-0.10665691018963686,0.8644581148998154
Sphingobacteriales,233,4.133772541169812,4.374196641147831,4.332746281902173,5.459101196392947,3.7828829121789482,4.864775915339978,0.09647032377561815,0.8773609555073151
Oligosphaerales,15,-1.4050370150270477,-0.4002473862417397,-2.8751135895303026,-0.41301659308246874,-1.0894477105401275,-2.597439024428211,0.09643211823899003,0.8774093735113326
Paenibacillales,4,-0.5941067988107189,-0.9880340511438583,-2.8751135895303026,-0.8985244088641697,-0.33567590816374704,-2.597439024428211,0.09543601425202317,0.8786718027501617
TK10,6,0.365669045003175,-0.8057124943499039,-2.8751135895303026,0.017766323009985374,0.35747127239619836,-2.597439024428211,0.09351468877973998,0.881107168096393
Kineosporiales,9,1.159912342434489,0.8837681257577326,0.9960874213775885,0.577382110945408,1.2378299950442901,-0.4002144470919915,-0.09161207564537249,0.8835192497926044
Bacteroidales,316,3.4862515214366416,4.122748191557337,3.4705227712982936,3.418963704672141,3.920353902807551,3.0409156449055343,0.08187471906580013,0.8958704558250318
Subgroup_2,2,-1.2872539793706639,-3.2906191441379042,-2.8751135895303026,-0.20537722830422434,-3.168889252219963,-2.597439024428211,-0.07887450208521762,0.8996780905563099
Sva0485,48,1.428176329029169,1.0531862777157799,-0.31016423206876587,1.391481901923016,1.4462312646212965,-1.4988267357601013,0.07884302857983541,0.8997180390716029
Subgroup_17,41,2.9940310855016854,3.0672231223701956,2.784368626229319,2.910912007788875,3.045718846202228,2.9935479560826455,-0.07253654641911098,0.9077246543449679
Kryptoniales,49,2.0369823611553626,1.862672450359875,1.8433852817647916,1.5653288317259983,2.2427567996350763,1.6072535949627547,0.07189592079828278,0.9085381944899763
Parcubacteria,31,0.25319106157648497,-0.5180304218981231,-2.8751135895303026,0.1575282653851442,0.19840657776651094,-0.11253237464021071,0.06711030471534332,0.914616689215207
Francisellales,3,1.3358030088981536,1.471554790659852,-2.8751135895303026,1.8583159564074725,1.549609619075131,0.041618305187047344,0.06470751266638389,0.9176693662566159
Silvanigrellales,13,0.6426558283382082,2.185844407793607,2.6463473283319434,0.7356061161603025,1.1878195744696285,1.0661226217014352,-0.06363160982663778,0.9190364249186163
Peptostreptococcales-Tissierellales,55,2.020852979225479,1.4367686745744366,2.2606848475199595,1.8818464538176665,1.7437656335160892,0.9289215001879505,-0.056028328652091355,0.9286998573869016
Alteromonadales,23,3.2088451115630656,3.329454062392452,4.330521586880061,3.6991175107031307,3.109632171945881,3.0229618412889385,0.0544406983608956,0.9307182049403888
WWE3,5,-0.34898434077773377,-0.5825689430356942,-2.8751135895303026,-1.1862064813159505,0.12694761378436592,-0.29485393143416516,0.047321011517093337,0.9397715108501229
Gammaproteobacteria_Incertae_Sedis,70,3.044940281555342,4.644610395679003,3.661578008061002,3.936764942174557,3.306543464484127,2.9593890372713263,-0.047173848540569274,0.9399586753153182
Calditrichales,17,0.9698687395466239,-0.6515618145226458,0.7884480565993437,0.38932987944246866,0.35747127239619836,-0.8056795552001561,-0.04627968063389541,0.941095921652435
S-70,3,-1.6927190874788285,-3.2906191441379042,-0.7956720478504669,-0.6753808575499596,-3.168889252219963,-2.597439024428211,-0.042460556167946306,0.9459537900489376
Desulfobulbales,66,2.381989500226413,2.3618700361307465,2.1084930321780337,2.3352400284977817,2.410840573766259,1.8092802228360423,0.04051612901221663,0.9484273795785998
Aminicenantales,40,1.6513198803433786,2.129915855134382,1.358992915066957,2.3880100644778457,1.4658397360096727,0.6606575135932711,-0.04033892556946378,0.9486528175567291
Candidatus_Uhrbacteria,8,-0.9195291992453467,-0.5825689430356942,-2.8751135895303026,-2.9779659505440055,0.4146296862361467,-2.597439024428211,0.028999427335954175,0.9630819581941578
C10-SB1A,1,-1.2872539793706639,-3.2906191441379042,-2.8751135895303026,-2.9779659505440055,-1.3771297829919082,-1.2111446633083205,0.022058299160980954,0.971916778971692
Bacteroidetes_VC2.1_Bac22,12,-1.4050370150270477,-1.0933945668016847,-0.9292034404749894,-2.9779659505440055,-0.39630052998018206,1.6792270945878442,0.02154468517847158,0.9725705771655517
MSBL5,7,-0.9995719069188831,-3.2906191441379042,-0.47721831673193194,-2.9779659505440055,-1.22297910316465,-2.597439024428211,-0.016858974402636284,0.9785355039895397
Veillonellales-Selenomonadales,5,-0.2263820186854013,-3.2906191441379042,-2.8751135895303026,-2.9779659505440055,-0.46083905111775314,-0.1995437516298404,-0.016566450178250758,0.9789079053789933
Chthoniobacterales,150,5.0667295132966315,4.944476353120452,4.972258246629486,5.350968091411524,4.854007617381494,6.357363728422757,-0.01570119836093703,0.9800094347823639
JG36-GS-52,11,0.4858133568452385,0.9140734752530615,-0.7956720478504669,-0.4930593007560051,1.148598861316347,0.29293273346795345,-0.015017681446884146,0.9808796128688194
Ferrovibrionales,2,-0.3064247263589377,-3.2906191441379042,-2.8751135895303026,-2.9779659505440055,-0.5298319226047048,-2.597439024428211,-0.014623005994144733,0.9813820740692897
Elev-16S-1166,3,-3.4844785567068834,0.4229529225664037,0.6802344719591109,-0.14475260648778931,-3.168889252219963,-2.597439024428211,0.004962537221535779,0.993681527301458
Dongiales,9,2.076203074308644,1.9297366809404202,2.2308318843702777,1.722514415248411,2.1782182784975053,2.0939088578009324,-0.0024552333249860114,0.996873902979857
