phylum,Unique ASVs,GL_111724_10m_0_V,GL_111724_10m_200_V,GL_111724_10m_400_V,GL_111724_10m_600_V,GL_111724_10m_800_V,GL_111724_10m_Cnt_V,r_value,p_value
Patescibacteria,582,3.4327260882275774,3.2071897571180363,2.962438025858369,2.9989815397727897,2.8199201626442205,3.9292678411333957,-0.9484710767913574,0.013932366370919517
Proteobacteria,3133,7.8631731524832915,7.867069987890656,8.346346103942315,8.56188351566834,8.536196368609232,8.898494425907908,0.9280493790172314,0.02291617669378995
Armatimonadota,21,1.769256160212445,1.4919263208800881,1.0843760476082713,0.7948365195919962,0.9438535869561715,0.5555771052610741,-0.9202187200254921,0.02672505804559259
WOR-1,14,-3.931187413178242,-3.8787117072475743,-1.708831961834246,-1.3899655377456654,-1.253370990380048,-3.2056230104324883,0.915702911291002,0.02900572191767654
Gemmatimonadota,67,3.0507472639781468,3.2262537410222683,2.701944086125622,2.6173676474868053,2.368745247574206,3.543136537059191,-0.9068746992749432,0.03363364532803514
Desulfobacterota,520,4.8571010470853775,4.97695172345255,4.351069746826964,3.9618925957304008,4.061065758047872,3.935622111918003,-0.8982821841142785,0.038343313878174544
Myxococcota,220,4.151523721059339,4.199666396378945,3.3527076621237772,2.5969587758555983,2.9362837516463776,4.556121974226425,-0.8896649461034342,0.04325961991791091
Bacteroidota,1635,6.923262792763319,6.825745508377245,6.998099657703646,7.515343123443623,7.3918195590995435,7.214930653459085,0.8459796554421007,0.07086047756036785
Fibrobacterota,67,0.546149401299965,0.5639395492427424,0.18828802305163528,0.32483289034626095,-0.6937552024446254,-0.3152512525363238,-0.8328349821932024,0.07995596335417485
Bdellovibrionota,307,5.715276587859899,5.90209960742104,6.039268492107242,4.371736377968225,4.030255660757985,5.43555616076474,-0.8263787245164809,0.08454570418757139
Deinococcota,8,-3.931187413178242,-2.7800994185794643,-0.8615341014470426,-2.200895753961994,-0.7425453666140576,-3.2056230104324883,0.8196938816016859,0.0893800009258221
WPS-2,9,1.0860924236366825,0.5033149274263069,0.6102824331110104,-0.8146013928421039,-0.12735972752382407,0.5320466078508801,-0.8041231630207432,0.10095267393011968
Caldisericota,1,-3.931187413178242,-3.8787117072475743,-3.500591431062301,-3.587190115081885,-1.4356925471740025,-3.2056230104324883,0.8031408113738144,0.10169703952932198
Elusimicrobiota,36,0.5347207054763419,-0.41297580444784776,-0.45606899333887796,-0.2549856049066812,-0.7938386610016082,-1.8193286493125977,-0.799520868002333,0.10445426330072097
Sumerlaeota,60,2.0776257722643527,1.9443341882354446,1.4046833473761287,0.9771580763859511,1.4435059101240366,0.7833610361317862,-0.7940194929373666,0.10868696095297363
LCP-89,22,-1.366238055716705,-1.5761266142535284,-0.7925412299600909,-3.587190115081885,-3.7382776401680484,-1.1261814687526526,-0.7876581910668439,0.11364396959445519
Actinobacteriota,607,6.284479683410055,6.171470224439358,6.170144055880508,6.643801004092696,6.66030241714507,5.599452233438196,0.7825667089674395,0.11765900674853835
MBNT15,28,1.1250583921700659,0.8217686585448423,0.18828802305163528,0.7948365195919962,-0.0006080218846800101,0.48325644368144793,-0.7627907982288331,0.13364126148384967
Planctomycetota,1509,6.622931182814753,6.435261661853581,6.965877667456976,7.6665759443697645,7.150802801228828,7.3912616914187925,0.7522597224491373,0.14239423962173517
Nitrospinota,2,-0.8866649754548188,-3.8787117072475743,-3.500591431062301,-3.587190115081885,-3.7382776401680484,-3.2056230104324883,-0.6813350156707604,0.2053056826280316
Margulisbacteria,15,-0.10254601668914676,0.6645830750224295,-3.500591431062301,-0.5914578415278942,-3.7382776401680484,0.2908845510339919,-0.6645652465839833,0.22109882996974936
WS2,6,-3.931187413178242,-1.4808164344492036,-3.500591431062301,0.6754897619594304,-1.4356925471740025,-1.8193286493125977,0.6104990873191676,0.27411581194524776
FCPU426,12,-1.4462807633902415,-1.239654377632316,-0.7925412299600909,0.10168933903205124,-0.9656889179282673,-0.1611005727090653,0.6092986545973994,0.27532706749271063
WS4,5,-3.931187413178242,-3.8787117072475743,-0.2817156061941004,-3.587190115081885,-0.4801811021465663,-3.2056230104324883,0.6056261756272135,0.2790413921374736
Hadarchaeota,1,-3.931187413178242,-3.8787117072475743,-3.500591431062301,-3.587190115081885,-3.7382776401680484,-3.2056230104324883,0.5815777993010895,0.3036811617445528
Acetothermia,2,-3.931187413178242,-3.8787117072475743,-3.500591431062301,-3.587190115081885,-3.7382776401680484,-3.2056230104324883,0.5815777993010895,0.3036811617445528
NKB15,5,-3.931187413178242,-3.8787117072475743,-3.500591431062301,-3.587190115081885,-3.7382776401680484,-3.2056230104324883,0.5815777993010895,0.3036811617445528
Fermentibacterota,4,-3.931187413178242,-3.8787117072475743,-3.500591431062301,-3.587190115081885,-3.7382776401680484,-3.2056230104324883,0.5815777993010895,0.3036811617445528
Deferrisomatota,1,-3.931187413178242,-3.8787117072475743,-3.500591431062301,-3.587190115081885,-3.7382776401680484,-3.2056230104324883,0.5815777993010895,0.3036811617445528
Altiarchaeota,1,-3.931187413178242,-3.8787117072475743,-3.500591431062301,-3.587190115081885,-3.7382776401680484,-3.2056230104324883,0.5815777993010895,0.3036811617445528
Schekmanbacteria,1,-3.931187413178242,-3.8787117072475743,-3.500591431062301,-3.587190115081885,-3.7382776401680484,-3.2056230104324883,0.5815777993010895,0.3036811617445528
Marinimicrobia_(SAR406_clade),8,-3.931187413178242,-3.8787117072475743,-3.500591431062301,-3.587190115081885,-3.7382776401680484,-3.2056230104324883,0.5815777993010895,0.3036811617445528
Caldatribacteriota,2,-3.931187413178242,-3.8787117072475743,-3.500591431062301,-3.587190115081885,-3.7382776401680484,-3.2056230104324883,0.5815777993010895,0.3036811617445528
Latescibacterota,110,2.037520146807124,1.880190066629706,1.6293072838607725,2.441088405148813,2.382019778782902,0.7646689031196336,0.5788332647086611,0.3065272847284029
Thermoplasmatota,10,-0.7531335828302961,-1.3137623497860376,-1.198006338068255,-0.879139913979675,-0.2725417373683219,-0.8077277376341176,0.5375151840257301,0.35017068555652364
TX1A-33,1,-0.6353505471739127,-3.8787117072475743,-0.45606899333887796,-3.587190115081885,-3.7382776401680484,-3.2056230104324883,-0.5340949103967471,0.3538476447175418
na,106,2.448935123721523,2.4016841317126207,2.9763809318273817,2.6627851271775977,2.6994740095683527,2.550119203154424,0.5253462442797756,0.3632955020680185
Micrarchaeota,16,-2.3217495007441418,-1.239654377632316,-3.500591431062301,-1.79543064585383,-3.7382776401680484,-3.2056230104324883,-0.49699751079612486,0.39431624170347274
Dadabacteria,1,-3.931187413178242,-2.4924173461276835,-3.500591431062301,-3.587190115081885,-2.3519832790481576,-1.596185097998388,0.462487195540389,0.43286629329664256
Campilobacterota,55,0.039104500373880136,-1.239654377632316,-0.5561524518958607,-0.3290935770604029,0.5102176018813109,0.32073751418367324,0.4467839101081599,0.4506742488457212
Nanoarchaeota,266,2.1161847658680357,2.1662936067884377,2.219720345545111,2.2877406157701454,1.779175256296659,1.0284834941647714,-0.44211499519766034,0.4559994795748037
TA06,4,-3.931187413178242,-3.8787117072475743,-3.500591431062301,-1.79543064585383,-3.7382776401680484,-3.2056230104324883,0.43609371588942536,0.46288735149012145
CK-2C2-2,1,-3.931187413178242,-3.8787117072475743,-3.500591431062301,-1.3899655377456654,-3.7382776401680484,-3.2056230104324883,0.42322892289789893,0.4776781429297168
SAR324_clade(Marine_group_B),27,0.5796720933386079,0.09158020630454766,-0.004083869595820744,0.7032693260665059,0.7043736163222682,1.4387678887088842,0.3954356375078576,0.5099636900422034
NB1-j,67,2.6754627730199734,2.4330231019053405,2.229508351911273,2.6254159806696338,2.3530322419096494,2.3356405347259375,-0.38373870165454393,0.5236798806042944
Crenarchaeota,23,-0.1469977792599808,0.3109430347788509,-0.4095489777039849,-1.0222407576203483,-0.04939818605411217,0.05247352758899382,-0.3623318882001154,0.5489678146278563
Cyanobacteria,809,8.507151048995391,8.427798857820388,8.680783726865618,8.383134880151056,8.395976717571653,8.56902035631171,-0.3440996178930164,0.570685135907847
RCP2-54,4,-3.931187413178242,-1.932801558192261,-3.500591431062301,-3.587190115081885,-2.128839727733948,-3.2056230104324883,0.3365086106611146,0.5797734170477516
Entotheonellaeota,3,-3.931187413178242,-0.7876692538892582,-3.500591431062301,-3.587190115081885,-1.0302274390658384,-3.2056230104324883,0.3113162858945728,0.610118975360364
Iainarchaeota,8,-3.931187413178242,-1.393805057459574,-3.500591431062301,-3.587190115081885,-3.7382776401680484,-3.2056230104324883,-0.2749351442884387,0.6544032196782992
Aenigmarchaeota,1,-3.931187413178242,-2.0869522380195193,-3.500591431062301,-3.587190115081885,-3.7382776401680484,-3.2056230104324883,-0.2397297019815992,0.6977160424819657
Verrucomicrobiota,1154,6.695418658413816,6.577712232754926,6.871242127621192,6.814918892381327,6.447112817555821,8.192374090426583,-0.23709449918024245,0.7009745342776448
Dependentiae,57,0.22769567018142967,0.8486761114647665,1.2179074402327932,1.1577420132813652,-0.4424407741637193,2.2666476632389867,-0.23174650750146353,0.707594061495774
Chloroflexi,1034,5.456964360114011,5.311017710824484,5.220521716700388,5.333198944998474,5.384760403405338,4.918527592874142,-0.22010470665795087,0.7220335220754538
Hydrogenedentes,34,0.6537800654923305,-0.09452207332931328,0.18828802305163528,0.5399442699632067,0.5521818009803425,0.40529490221173603,0.2179963197988576,0.7246528064572834
Zixibacteria,52,1.5112302973435514,0.5521050915957391,-0.004083869595820744,1.4300897217330393,1.5295805188952798,0.5320466078508801,0.20790918855973994,0.7372014884559682
Modulibacteria,2,-3.931187413178242,-2.4924173461276835,-3.500591431062301,-3.587190115081885,-3.7382776401680484,-3.2056230104324883,-0.20028282049120108,0.74670726573239
Acidobacteriota,410,4.266075958236094,4.130318977822156,3.8671171413120704,4.023662675313365,4.224834418811241,3.9873112107833113,-0.1853621272248152,0.7653481801491285
Spirochaetota,151,1.9295988102876236,2.1301014781950203,1.3277223062400005,2.014928705797816,1.814681944753569,0.6861972876781381,-0.1756495891587021,0.777511385208659
Firmicutes,318,3.237392484085793,2.503104310158524,2.7628068315293226,3.1011645988648766,3.0893515943348033,2.014732814645836,0.1593804167092688,0.7979329940646848
Methylomirabilota,13,0.6537800654923305,0.8217686585448423,0.718916274113806,-0.0318420535924715,0.9156827099894747,0.0902138555718408,-0.13888935080791293,0.8237307888954847
Fusobacteriota,19,0.37287768002592836,-3.8787117072475743,-1.5546812820069877,-3.587190115081885,-0.5194018152998479,-0.6406736529709516,-0.12649672627302097,0.8393699359282734
Nitrospirota,41,2.500143668755237,2.1920260207549154,1.946145940604009,2.2933428713188153,2.5364843810738904,1.8506227949158194,0.11406479745834389,0.8550837365188508
Halobacterota,8,-1.4462807633902415,-1.932801558192261,-3.500591431062301,-1.9777522026477847,-1.09922031055279,-3.2056230104324883,0.11175299033782393,0.8580083975301379
Calditrichota,17,0.5231598830752655,-1.239654377632316,0.16297021506734533,-0.21989428509541087,-0.21191711555188686,-1.4138635412044334,-0.10809539327905215,0.8626371705765399
Cloacimonadota,3,-3.931187413178242,-3.8787117072475743,-1.5546812820069877,-3.587190115081885,-3.7382776401680484,-3.2056230104324883,0.10647617480649998,0.8646869239380492
Euryarchaeota,7,-3.931187413178242,-2.4924173461276835,-1.3033668537260814,-3.587190115081885,-3.7382776401680484,-3.2056230104324883,-0.10135548779240096,0.8711714799899559
Sva0485,48,0.9814674725578105,0.4650937146061098,-0.9356420736007642,0.7822577373851365,0.8768428766732113,-2.1070107217643788,0.021608911922280594,0.9724888201734866
