species,Unique ASVs,GL_111724_10m_0_V,GL_111724_10m_200_V,GL_111724_10m_400_V,GL_111724_10m_600_V,GL_111724_10m_800_V,GL_111724_10m_Cnt_V,r_value,p_value
Synechococcus_sp.,8,5.289238556233293,5.1726156063212905,4.862362394909522,4.235569544069223,3.955255542838725,5.120489099716663,-0.9749602607412897,0.0047384970877949045
Bradyrhizobium_sp.,1,2.858648063516312,3.235430670156847,3.328094025854102,3.3252135477148825,4.094005851339039,2.027382662137496,0.9010471659239725,0.036806348823279385
Cyanobium_sp.,1,2.3864915809094747,2.6076662488597537,2.071011396214218,-1.804685167208191,-1.4153824852889376,2.114394039127126,-0.8697370808368907,0.05532123709528517
Carnobacterium_maltaromaticum,1,4.049633672315436,0.9462685974949423,0.36626330397579254,1.2863572861501251,-1.4153824852889376,-1.0636597912208199,-0.847603062573131,0.06976099709061089
Runella_sp.,3,0.8909979278245925,1.8217373348488421,1.5702361083017284,2.107337838219955,2.0186047191962087,-1.0636597912208199,0.8235185855139295,0.08660398136941927
Gemmata_obscuriglobus,5,3.9244705293614306,2.872947384622368,3.4723436346986487,2.5647626852588306,-1.4153824852889376,3.8341800087300912,-0.8141541497944591,0.09344797251313014
Serratia_plymuthica,3,3.724211271880808,3.3798819528953925,3.523263725125906,4.186779379899791,4.500819577318497,2.9436733940116513,0.7957150050387176,0.10737704238764564
Microcystis_aeruginosa,2,-1.6739514296369442,1.233950669946723,0.7717284120839571,1.3308090487209587,1.6291399524344854,-1.0636597912208199,0.791146656859506,0.11091735514803043
Synechocystis_sp.,7,1.3217808439170466,1.7645789210088938,1.8326003727692197,0.9679035550315902,-1.4153824852889376,1.9808626465026031,-0.7410759738721191,0.1518661214699135
Bryum_argenteum,2,-1.6739514296369442,-1.7617816036072678,-1.4254961652522624,-1.804685167208191,1.9519133446975365,-1.0636597912208199,0.7014906473631835,0.18676638463637898
Ensifer_adhaerens,1,-1.6739514296369442,-1.7617816036072678,-1.4254961652522624,-1.804685167208191,1.6756599680693784,-1.0636597912208199,0.7007729576057363,0.18741794651202862
Brevibacillus_thermoruber,1,-1.6739514296369442,-1.7617816036072678,-1.4254961652522624,-1.804685167208191,1.4178308587672785,-1.0636597912208199,0.6999440038814304,0.18817132219628313
Cellulosilyticum_lentocellum,1,-1.6739514296369442,-1.7617816036072678,-1.4254961652522624,-1.804685167208191,1.0695241644990627,-1.0636597912208199,0.6984784793574932,0.18950532747138202
Rhodococcus_erythropolis,1,-1.6739514296369442,-1.7617816036072678,-1.4254961652522624,-1.804685167208191,0.6640590563908981,-1.0636597912208199,0.6959868465127249,0.19177947660532008
Candidatus_Protochlamydia,1,-1.6739514296369442,-1.7617816036072678,-1.4254961652522624,-1.804685167208191,0.37637698393911734,-1.0636597912208199,0.6933626918199528,0.19418286309206256
Flexibacter_flexilis,2,-1.6739514296369442,-1.7617816036072678,-0.32688387658415263,-1.804685167208191,0.781842092047282,-1.0636597912208199,0.6687095301392962,0.21716570650650033
Allorhizobium_vitis,1,1.5041024007110015,-1.7617816036072678,-1.4254961652522624,-1.804685167208191,-1.4153824852889376,-1.0636597912208199,-0.6638634394623171,0.22176681012758148
Magnetospirillum_gryphiswaldense,1,1.270487549529496,-1.7617816036072678,-1.4254961652522624,-1.804685167208191,-1.4153824852889376,-1.0636597912208199,-0.6598913718743112,0.22555788561517903
Rhizobium_sp.,2,-1.6739514296369442,1.4963149344142144,0.9723991075461083,0.8343721624070675,1.1495668721725991,-1.0636597912208199,0.6202324998480833,0.26434725975063583
Pseudomonas_sp.,4,2.780395866616563,3.121020318979103,4.205715616569103,3.1079697185278614,-1.4153824852889376,4.224607239473715,-0.6101274386492094,0.2744906603721087
Flavobacterium_sp.,4,1.0340987714652659,1.416272226740678,2.100864359363899,1.239837270515232,-1.4153824852889376,0.8822503578344933,-0.5981417625903185,0.28665141100026487
Leptospira_biflexa,1,-0.5753391409688344,1.7039542991924588,-1.4254961652522624,-1.804685167208191,-1.4153824852889376,1.238925301773226,-0.5782077607428759,0.3071768959323439
Erythrobacter_sp.,2,4.052896317950252,3.3196227613771954,3.328094025854102,4.135486085512241,4.63198969375734,3.4689397019324364,0.5521196545172851,0.33457805016104614
Thiobacillus_thioparus,1,2.847837147412096,2.442911015783698,0.6539453764275733,2.255757843338228,1.4178308587672785,2.2321770747835092,-0.5471060503052022,0.3399109549573537
Aeromonas_sobria,4,3.4380363587195992,1.9758880146761006,1.5702361083017284,2.913813704086903,1.5290564938775026,2.1944367468006623,-0.5345521027097848,0.3533555942391269
na,13663,11.613809430253331,11.409463362358585,11.657772891010978,11.4463545862778,11.893983144011191,12.051685013524363,0.4880108141491766,0.4042744606592715
Candidatus_Halomonas,1,-1.6739514296369442,-1.7617816036072678,-1.4254961652522624,0.2747563744716448,-1.4153824852889376,-1.0636597912208199,0.4815366680369155,0.411484214761657
Chroococcidiopsis_sp.,1,-1.6739514296369442,-1.7617816036072678,-1.4254961652522624,0.49789992578585496,-1.4153824852889376,-1.0636597912208199,0.4686631990187826,0.42590702016700205
Bacillus_pumilus,1,-1.6739514296369442,-1.7617816036072678,-1.4254961652522624,0.5932101055901797,-1.4153824852889376,-1.0636597912208199,0.46390960374965157,0.43126122757796936
Hymenobacter_sp.,1,-1.6739514296369442,-1.7617816036072678,-1.4254961652522624,0.6802214825798094,-1.4153824852889376,-1.0636597912208199,0.4598955709459349,0.4357941703281873
Variovorax_paradoxus,1,-1.6739514296369442,-1.7617816036072678,-1.4254961652522624,0.9033650338940191,-1.4153824852889376,-1.0636597912208199,0.45080788918166925,0.4460957279921784
Bacillus_sp.,1,1.5449243952312564,-1.7617816036072678,-1.4254961652522624,1.6918223942582893,2.4966405201392083,-1.0636597912208199,0.4327846562452469,0.46668220607275746
Legionella_pneumophila,6,1.4615427862922055,1.373712612321882,0.18394174718183787,1.8588764789214554,0.19405542714516266,2.5999018549088264,-0.41799732756332053,0.48372132625457553
Clostridium_botulinum,3,2.6567819106493866,1.2827408341161552,-1.4254961652522624,-1.804685167208191,1.6291399524344854,-1.0636597912208199,-0.41236480463519587,0.49024555179226115
Pseudoxanthomonas_sp.,1,-1.6739514296369442,-1.7617816036072678,-1.4254961652522624,2.913813704086903,-1.4153824852889376,-1.0636597912208199,0.4083584028406106,0.49489736552589575
Staphylococcus_aureus,1,-1.6739514296369442,-1.7617816036072678,-1.4254961652522624,-1.804685167208191,-1.4153824852889376,-1.0636597912208199,0.40553368896060604,0.4981826289591076
Lactobacillus_delbrueckii,1,-1.6739514296369442,-1.7617816036072678,-1.4254961652522624,-1.804685167208191,-1.4153824852889376,-1.0636597912208199,0.40553368896060604,0.4981826289591076
Shewanella_putrefaciens,1,-1.6739514296369442,-1.7617816036072678,-1.4254961652522624,-1.804685167208191,-1.4153824852889376,-1.0636597912208199,0.40553368896060604,0.4981826289591076
Prevotella_intermedia,1,-1.6739514296369442,-1.7617816036072678,-1.4254961652522624,-1.804685167208191,-1.4153824852889376,-1.0636597912208199,0.40553368896060604,0.4981826289591076
Pseudomonas_peli,1,-1.6739514296369442,-1.7617816036072678,-1.4254961652522624,-1.804685167208191,-1.4153824852889376,-1.0636597912208199,0.40553368896060604,0.4981826289591076
Desulfobacterium_autotrophicum,1,-1.6739514296369442,-1.7617816036072678,-1.4254961652522624,-1.804685167208191,-1.4153824852889376,-1.0636597912208199,0.40553368896060604,0.4981826289591076
Clostridium_septicum,1,-1.6739514296369442,-1.7617816036072678,-1.4254961652522624,-1.804685167208191,-1.4153824852889376,-1.0636597912208199,0.40553368896060604,0.4981826289591076
Aeromonas_veronii,1,-1.6739514296369442,-1.7617816036072678,-1.4254961652522624,-1.804685167208191,-1.4153824852889376,-1.0636597912208199,0.40553368896060604,0.4981826289591076
Candidatus_Azambacteria,1,-1.6739514296369442,-1.7617816036072678,-1.4254961652522624,-1.804685167208191,-1.4153824852889376,-1.0636597912208199,0.40553368896060604,0.4981826289591076
Dehalobacter_sp.,1,-1.6739514296369442,-1.7617816036072678,-1.4254961652522624,-1.804685167208191,-1.4153824852889376,-1.0636597912208199,0.40553368896060604,0.4981826289591076
Lactococcus_lactis,1,-1.6739514296369442,-1.7617816036072678,-1.4254961652522624,-1.804685167208191,-1.4153824852889376,-1.0636597912208199,0.40553368896060604,0.4981826289591076
Ehrlichia_canis,1,-1.6739514296369442,-1.7617816036072678,-1.4254961652522624,-1.804685167208191,-1.4153824852889376,1.5753975383944385,0.40553368896060604,0.4981826289591076
Escherichia_coli,1,-1.6739514296369442,-1.7617816036072678,-1.4254961652522624,-1.804685167208191,-1.4153824852889376,-1.0636597912208199,0.40553368896060604,0.4981826289591076
Yersinia_rohdei,1,-1.6739514296369442,-1.7617816036072678,-1.4254961652522624,-1.804685167208191,-1.4153824852889376,-1.0636597912208199,0.40553368896060604,0.4981826289591076
Desulfococcus_multivorans,2,0.9651058999783142,-1.7617816036072678,1.3470925569875187,0.5932101055901797,1.1495668721725991,-1.0636597912208199,0.33859998883982156,0.5772668839492107
Nocardioides_sp.,4,2.0872486860566184,-1.7617816036072678,-1.4254961652522624,2.800485018779901,2.0811250761775426,-1.0636597912208199,0.3317891440863183,0.5854370257213156
Berkeleya_fennica,1,-1.6739514296369442,1.2827408341161552,-1.4254961652522624,-1.804685167208191,-1.4153824852889376,-1.0636597912208199,-0.31481155525404175,0.6058923710224378
Candidatus_Procabacter,1,-1.6739514296369442,0.803167753854269,-1.4254961652522624,-1.804685167208191,-1.4153824852889376,-1.0636597912208199,-0.3064849921612729,0.6159695244887476
Paeniclostridium_sordellii,1,-1.6739514296369442,0.4354429737289518,-1.4254961652522624,-1.804685167208191,-1.4153824852889376,-1.0636597912208199,-0.2972662601725754,0.6271595375800573
Chryseobacterium_sp.,1,-1.6739514296369442,0.317659938072568,-1.4254961652522624,-1.804685167208191,-1.4153824852889376,-1.0636597912208199,-0.29351965077719216,0.6317169936122973
Brevundimonas_sp.,1,1.621885436367385,2.2455515816252034,1.7099980506768873,2.4857742739402,1.8427140527325445,2.9793914766137304,0.2917341232697856,0.6338908830959374
Holospora_elegans,1,-1.6739514296369442,0.18412854544804547,-1.4254961652522624,-1.804685167208191,-1.4153824852889376,-1.0636597912208199,-0.2886383498629158,0.6376629335011975
Candidatus_Pacearchaeota,6,-1.6739514296369442,-0.3754872424873772,-1.4254961652522624,-1.804685167208191,-1.4153824852889376,-1.0636597912208199,-0.25585691211305767,0.6778228747964337
Mycobacterium_sp.,4,-1.6739514296369442,2.3971014797524037,-1.4254961652522624,-0.7060728785400812,-1.4153824852889376,-1.0636597912208199,-0.24128216154259902,0.6957974091652438
Yersinia_pestis,1,-1.6739514296369442,-0.663169314939158,-1.4254961652522624,-1.804685167208191,-1.4153824852889376,-1.0636597912208199,-0.22319639688837412,0.7181949764272566
Caulobacter_sp.,4,4.90251813941128,4.5925884371900825,5.4118366494333285,3.9852750036890625,4.859379535953002,3.8416149872176097,-0.21077638711151678,0.7336317487292711
Streptomyces_sp.,2,0.7239438431614265,-1.7617816036072678,-1.4254961652522624,0.9033650338940191,-1.4153824852889376,-1.0636597912208199,-0.196991203310117,0.7508147670238902
Ketogulonicigenium_vulgare,2,0.271958719418369,1.416272226740678,1.5702361083017284,2.023956229280904,0.37637698393911734,-1.0636597912208199,0.16740259606735047,0.7878561314848979
Euglena_agilis,1,-1.6739514296369442,-1.7617816036072678,0.5204139838030508,-1.804685167208191,-1.4153824852889376,-1.0636597912208199,0.07585641867389911,0.9035093147679937
Geobacillus_sp.,1,-1.6739514296369442,-1.7617816036072678,0.7717284120839571,-1.804685167208191,-1.4153824852889376,-1.0636597912208199,0.06818550172385994,0.9132508419212202
Sphingomonas_sp.,2,-1.6739514296369442,-1.7617816036072678,0.8770889277417835,-1.804685167208191,-1.4153824852889376,-1.0636597912208199,0.06540841430351722,0.9167788411881719
Aeromonas_popoffii,1,1.6582530805382596,-1.7617816036072678,-1.4254961652522624,-1.804685167208191,1.474989272607227,-1.0636597912208199,-0.036435678279158945,0.9536189201595981
Pannonibacter_phragmitetus,1,-1.6739514296369442,-1.7617816036072678,2.943951687214759,-1.804685167208191,-1.4153824852889376,-1.0636597912208199,0.03628951870196116,0.9538048932405102
Pseudanabaena_sp.,1,-1.6739514296369442,1.7347259578592125,-1.4254961652522624,1.1397538119582493,-1.4153824852889376,-1.0636597912208199,-0.0075572143348509035,0.9903779474507757
