species,Unique ASVs,GL_111724_35m_0_V,GL_111724_35m_200_V,GL_111724_35m_400_V,GL_111724_35m_600_V,GL_111724_35m_Cnt_V,r_value,p_value
na,13663,13.464303670674912,13.206341529892619,12.971879785526417,11.108346786162219,12.321407864335336,-0.8794522965348114,0.1205477034651885
Lactobacillus_delbrueckii,1,-0.28744886148604937,-0.3153347361346766,-0.7500736551211681,5.464352031793621,-0.846229024867948,0.7323345300593986,0.26766546994060136
Staphylococcus_aureus,1,-0.28744886148604937,-0.3153347361346766,-0.7500736551211681,3.282679867464887,-0.846229024867948,0.7060805956276084,0.2939194043723916
Synechococcus_sp.,8,5.794770048890397,-0.3153347361346766,4.240358931657568,-0.3008390709912231,5.177218568093085,-0.5646250205372265,0.4353749794627735
Berkeleya_fennica,1,-0.28744886148604937,-0.3153347361346766,-0.7500736551211681,-0.3008390709912231,-0.846229024867948,-0.2728287704717532,0.7271712295282469
Aeromonas_veronii,1,-0.28744886148604937,-0.3153347361346766,-0.7500736551211681,-0.3008390709912231,-0.846229024867948,-0.2728287704717532,0.7271712295282469
Allorhizobium_vitis,1,-0.28744886148604937,-0.3153347361346766,-0.7500736551211681,-0.3008390709912231,-0.846229024867948,-0.2728287704717532,0.7271712295282469
Aeromonas_popoffii,1,-0.28744886148604937,-0.3153347361346766,-0.7500736551211681,-0.3008390709912231,-0.846229024867948,-0.2728287704717532,0.7271712295282469
Candidatus_Halomonas,1,-0.28744886148604937,-0.3153347361346766,-0.7500736551211681,-0.3008390709912231,-0.846229024867948,-0.2728287704717532,0.7271712295282469
Brevundimonas_sp.,1,-0.28744886148604937,-0.3153347361346766,-0.7500736551211681,-0.3008390709912231,-0.846229024867948,-0.2728287704717532,0.7271712295282469
Bryum_argenteum,2,-0.28744886148604937,-0.3153347361346766,-0.7500736551211681,-0.3008390709912231,-0.846229024867948,-0.2728287704717532,0.7271712295282469
Candidatus_Azambacteria,1,-0.28744886148604937,-0.3153347361346766,-0.7500736551211681,-0.3008390709912231,5.501160184788063,-0.2728287704717532,0.7271712295282469
Candidatus_Protochlamydia,1,-0.28744886148604937,-0.3153347361346766,-0.7500736551211681,-0.3008390709912231,-0.846229024867948,-0.2728287704717532,0.7271712295282469
Bacillus_sp.,1,-0.28744886148604937,-0.3153347361346766,-0.7500736551211681,-0.3008390709912231,-0.846229024867948,-0.2728287704717532,0.7271712295282469
Bradyrhizobium_sp.,1,-0.28744886148604937,-0.3153347361346766,-0.7500736551211681,-0.3008390709912231,-0.846229024867948,-0.2728287704717532,0.7271712295282469
Bacillus_pumilus,1,-0.28744886148604937,-0.3153347361346766,-0.7500736551211681,-0.3008390709912231,-0.846229024867948,-0.2728287704717532,0.7271712295282469
Dehalobacter_sp.,1,-0.28744886148604937,-0.3153347361346766,-0.7500736551211681,-0.3008390709912231,-0.846229024867948,-0.2728287704717532,0.7271712295282469
Desulfobacterium_autotrophicum,1,-0.28744886148604937,-0.3153347361346766,-0.7500736551211681,-0.3008390709912231,-0.846229024867948,-0.2728287704717532,0.7271712295282469
Cellulosilyticum_lentocellum,1,-0.28744886148604937,-0.3153347361346766,-0.7500736551211681,-0.3008390709912231,-0.846229024867948,-0.2728287704717532,0.7271712295282469
Chroococcidiopsis_sp.,1,-0.28744886148604937,-0.3153347361346766,-0.7500736551211681,-0.3008390709912231,-0.846229024867948,-0.2728287704717532,0.7271712295282469
Chryseobacterium_sp.,1,-0.28744886148604937,-0.3153347361346766,-0.7500736551211681,-0.3008390709912231,-0.846229024867948,-0.2728287704717532,0.7271712295282469
Clostridium_botulinum,3,-0.28744886148604937,-0.3153347361346766,-0.7500736551211681,-0.3008390709912231,4.725925007309817,-0.2728287704717532,0.7271712295282469
Clostridium_septicum,1,-0.28744886148604937,-0.3153347361346766,-0.7500736551211681,-0.3008390709912231,-0.846229024867948,-0.2728287704717532,0.7271712295282469
Cyanobium_sp.,1,-0.28744886148604937,-0.3153347361346766,-0.7500736551211681,-0.3008390709912231,-0.846229024867948,-0.2728287704717532,0.7271712295282469
Ensifer_adhaerens,1,-0.28744886148604937,-0.3153347361346766,-0.7500736551211681,-0.3008390709912231,-0.846229024867948,-0.2728287704717532,0.7271712295282469
Erythrobacter_sp.,2,-0.28744886148604937,-0.3153347361346766,-0.7500736551211681,-0.3008390709912231,-0.846229024867948,-0.2728287704717532,0.7271712295282469
Desulfococcus_multivorans,2,-0.28744886148604937,-0.3153347361346766,-0.7500736551211681,-0.3008390709912231,-0.846229024867948,-0.2728287704717532,0.7271712295282469
Ehrlichia_canis,1,-0.28744886148604937,-0.3153347361346766,-0.7500736551211681,-0.3008390709912231,-0.846229024867948,-0.2728287704717532,0.7271712295282469
Escherichia_coli,1,-0.28744886148604937,-0.3153347361346766,-0.7500736551211681,-0.3008390709912231,-0.846229024867948,-0.2728287704717532,0.7271712295282469
Candidatus_Procabacter,1,-0.28744886148604937,-0.3153347361346766,-0.7500736551211681,-0.3008390709912231,-0.846229024867948,-0.2728287704717532,0.7271712295282469
Caulobacter_sp.,4,-0.28744886148604937,-0.3153347361346766,-0.7500736551211681,-0.3008390709912231,-0.846229024867948,-0.2728287704717532,0.7271712295282469
Brevibacillus_thermoruber,1,-0.28744886148604937,-0.3153347361346766,-0.7500736551211681,-0.3008390709912231,-0.846229024867948,-0.2728287704717532,0.7271712295282469
Streptomyces_sp.,2,-0.28744886148604937,-0.3153347361346766,-0.7500736551211681,-0.3008390709912231,-0.846229024867948,-0.2728287704717532,0.7271712295282469
Rhodococcus_erythropolis,1,-0.28744886148604937,-0.3153347361346766,-0.7500736551211681,-0.3008390709912231,-0.846229024867948,-0.2728287704717532,0.7271712295282469
Euglena_agilis,1,-0.28744886148604937,-0.3153347361346766,-0.7500736551211681,-0.3008390709912231,-0.846229024867948,-0.2728287704717532,0.7271712295282469
Flavobacterium_sp.,4,-0.28744886148604937,-0.3153347361346766,-0.7500736551211681,-0.3008390709912231,-0.846229024867948,-0.2728287704717532,0.7271712295282469
Geobacillus_sp.,1,-0.28744886148604937,-0.3153347361346766,-0.7500736551211681,-0.3008390709912231,-0.846229024867948,-0.2728287704717532,0.7271712295282469
Holospora_elegans,1,-0.28744886148604937,-0.3153347361346766,-0.7500736551211681,-0.3008390709912231,-0.846229024867948,-0.2728287704717532,0.7271712295282469
Gemmata_obscuriglobus,5,-0.28744886148604937,-0.3153347361346766,-0.7500736551211681,-0.3008390709912231,-0.846229024867948,-0.2728287704717532,0.7271712295282469
Flexibacter_flexilis,2,-0.28744886148604937,-0.3153347361346766,-0.7500736551211681,-0.3008390709912231,-0.846229024867948,-0.2728287704717532,0.7271712295282469
Legionella_pneumophila,6,-0.28744886148604937,-0.3153347361346766,-0.7500736551211681,-0.3008390709912231,-0.846229024867948,-0.2728287704717532,0.7271712295282469
Leptospira_biflexa,1,-0.28744886148604937,-0.3153347361346766,-0.7500736551211681,-0.3008390709912231,-0.846229024867948,-0.2728287704717532,0.7271712295282469
Magnetospirillum_gryphiswaldense,1,-0.28744886148604937,-0.3153347361346766,-0.7500736551211681,-0.3008390709912231,-0.846229024867948,-0.2728287704717532,0.7271712295282469
Microcystis_aeruginosa,2,-0.28744886148604937,-0.3153347361346766,-0.7500736551211681,-0.3008390709912231,-0.846229024867948,-0.2728287704717532,0.7271712295282469
Paeniclostridium_sordellii,1,-0.28744886148604937,-0.3153347361346766,-0.7500736551211681,-0.3008390709912231,-0.846229024867948,-0.2728287704717532,0.7271712295282469
Nocardioides_sp.,4,-0.28744886148604937,-0.3153347361346766,-0.7500736551211681,-0.3008390709912231,-0.846229024867948,-0.2728287704717532,0.7271712295282469
Hymenobacter_sp.,1,-0.28744886148604937,-0.3153347361346766,-0.7500736551211681,-0.3008390709912231,-0.846229024867948,-0.2728287704717532,0.7271712295282469
Ketogulonicigenium_vulgare,2,-0.28744886148604937,-0.3153347361346766,-0.7500736551211681,-0.3008390709912231,-0.846229024867948,-0.2728287704717532,0.7271712295282469
Synechocystis_sp.,7,-0.28744886148604937,-0.3153347361346766,-0.7500736551211681,-0.3008390709912231,-0.846229024867948,-0.2728287704717532,0.7271712295282469
Sphingomonas_sp.,2,-0.28744886148604937,-0.3153347361346766,-0.7500736551211681,-0.3008390709912231,-0.846229024867948,-0.2728287704717532,0.7271712295282469
Pannonibacter_phragmitetus,1,-0.28744886148604937,-0.3153347361346766,-0.7500736551211681,-0.3008390709912231,-0.846229024867948,-0.2728287704717532,0.7271712295282469
Pseudanabaena_sp.,1,-0.28744886148604937,-0.3153347361346766,-0.7500736551211681,-0.3008390709912231,-0.846229024867948,-0.2728287704717532,0.7271712295282469
Rhizobium_sp.,2,-0.28744886148604937,-0.3153347361346766,-0.7500736551211681,-0.3008390709912231,-0.846229024867948,-0.2728287704717532,0.7271712295282469
Pseudoxanthomonas_sp.,1,-0.28744886148604937,-0.3153347361346766,-0.7500736551211681,-0.3008390709912231,-0.846229024867948,-0.2728287704717532,0.7271712295282469
Pseudomonas_peli,1,-0.28744886148604937,-0.3153347361346766,-0.7500736551211681,-0.3008390709912231,-0.846229024867948,-0.2728287704717532,0.7271712295282469
Pseudomonas_sp.,4,-0.28744886148604937,-0.3153347361346766,-0.7500736551211681,-0.3008390709912231,-0.846229024867948,-0.2728287704717532,0.7271712295282469
Runella_sp.,3,-0.28744886148604937,-0.3153347361346766,-0.7500736551211681,-0.3008390709912231,-0.846229024867948,-0.2728287704717532,0.7271712295282469
Shewanella_putrefaciens,1,-0.28744886148604937,-0.3153347361346766,-0.7500736551211681,-0.3008390709912231,3.957792019865309,-0.2728287704717532,0.7271712295282469
Thiobacillus_thioparus,1,-0.28744886148604937,-0.3153347361346766,-0.7500736551211681,-0.3008390709912231,-0.846229024867948,-0.2728287704717532,0.7271712295282469
Yersinia_rohdei,1,-0.28744886148604937,-0.3153347361346766,-0.7500736551211681,-0.3008390709912231,-0.846229024867948,-0.2728287704717532,0.7271712295282469
Variovorax_paradoxus,1,-0.28744886148604937,-0.3153347361346766,-0.7500736551211681,-0.3008390709912231,-0.846229024867948,-0.2728287704717532,0.7271712295282469
Yersinia_pestis,1,-0.28744886148604937,-0.3153347361346766,-0.7500736551211681,-0.3008390709912231,-0.846229024867948,-0.2728287704717532,0.7271712295282469
Carnobacterium_maltaromaticum,1,-0.28744886148604937,-0.3153347361346766,-0.7500736551211681,-0.3008390709912231,4.538266037921141,-0.2728287704717532,0.7271712295282469
Aeromonas_sobria,4,-0.28744886148604937,-0.3153347361346766,7.170009543932066,-0.3008390709912231,3.1427550216963267,0.2572976549427464,0.7427023450572536
Serratia_plymuthica,3,-0.28744886148604937,-0.3153347361346766,5.25381341198537,-0.3008390709912231,6.229579839110439,0.25698622336446286,0.7430137766355371
Lactococcus_lactis,1,-0.28744886148604937,-0.3153347361346766,5.042939953262976,-0.3008390709912231,-0.846229024867948,0.2569382848978071,0.743061715102193
Prevotella_intermedia,1,-0.28744886148604937,-0.3153347361346766,4.260561638975087,-0.3008390709912231,-0.846229024867948,0.2567216154436477,0.7432783845563522
Mycobacterium_sp.,4,-0.28744886148604937,-0.3153347361346766,3.803803236479373,-0.3008390709912231,-0.846229024867948,0.25655684828354935,0.7434431517164506
Candidatus_Pacearchaeota,6,-0.28744886148604937,7.921085791130714,3.0111264605723944,-0.3008390709912231,5.179636948957366,-0.16457622060907195,0.835423779390928
