family,Unique ASVs,GL_111724_35m_0_V,GL_111724_35m_200_V,GL_111724_35m_400_V,GL_111724_35m_600_V,r_value,p_value
Chloroplast,463,8.369620469508957,7.355682950596492,6.823816315250539,6.1266018371998845,-0.9913807419376957,0.008619258062304347
Candidatus_Falkowbacteria,49,7.682147895703622,6.855807109849215,5.324598833817018,4.557667903700596,-0.9909738770338036,0.009026122966196315
WOR-1,14,8.380355421822543,7.875026082425487,6.8664422097025,5.702279600616569,-0.9862781723118789,0.013721827688121024
Chitinivibrionaceae,30,8.925303889026658,7.531703378538252,6.682900396503316,4.4987117365674765,-0.9837236236094677,0.016276376390532254
Prolixibacteraceae,55,8.58567458585268,7.535425137375665,7.182537285547879,5.851034740420229,-0.9788106274492467,0.02118937255075326
WCHB1-41,90,8.43439198940288,7.316165771735768,6.993833410298501,5.6040490001432595,-0.9761573723608077,0.023842627639192315
Syntrophaceae,36,10.217515786501675,9.666722569445996,9.005925348179453,7.388408502875407,-0.9637905276527705,0.03620947234722949
Omnitrophaceae,183,9.70401199745731,9.615750774241723,8.306658362712165,7.840270851909901,-0.9515420079765302,0.04845799202346979
Microbacteriaceae,23,7.282325374801159,6.265084201226784,4.376185910167259,4.414273417420902,-0.9441898477454129,0.055810152254587075
GW2011_GWC1_47_15,24,8.402530556533554,5.997982836475023,5.124126001434262,-1.0106766000605012,-0.9380250850199183,0.061974914980081675
Paludibacteraceae,34,8.150442748749361,8.020919345586114,6.183532085367601,3.2378186419888584,-0.934275988627224,0.06572401137277595
Streptococcaceae,3,-0.8597379083029877,-1.1045165192996254,4.093853487462719,5.899076681584309,0.9314148385340166,0.06858516146598337
Pseudomonadaceae,22,-0.8597379083029877,-1.1045165192996254,2.954800229236098,4.373818462728588,0.9288945653919247,0.07110543460807528
Desulfobaccaceae,71,8.303930055474764,6.841038908953864,7.006999170007436,5.425473768308927,-0.9285152944384848,0.07148470556151532
Coxiellaceae,40,8.035754723148646,8.257084646517141,6.496173546241446,5.614715767947455,-0.9224386207874903,0.0775613792125096
Candidatus_Kaiserbacteria,36,-0.8597379083029877,-1.1045165192996254,2.8651880705464112,3.909304325767624,0.9215580130553362,0.07844198694466376
Marinilabiliaceae,34,8.25100309845044,7.690156882083796,6.940250703219062,3.979755986718235,-0.9210773537090197,0.07892264629098023
Lentimicrobiaceae,105,9.531347581879828,9.224957464565415,8.662448238948665,6.671805846474005,-0.9181739362926356,0.08182606370736445
JS1,2,-0.8597379083029877,-1.1045165192996254,4.380773074174165,5.0738228130146705,0.9082282843064746,0.09177171569352538
Hungateiclostridiaceae,49,9.466334044148693,7.2423627344469335,7.155076572484317,6.480410993474375,-0.8989701089194808,0.10102989108051919
Oligosphaeraceae,1,-0.8597379083029877,-1.1045165192996254,4.977923340325711,5.069256595035089,0.8882938990069691,0.11170610099303091
GIF9,16,8.00019356131311,8.182507077447514,7.340154654002655,5.807153971393649,-0.8876613867827796,0.11233861321722038
Ilumatobacteraceae,60,8.471491780948648,7.495914270686667,6.470176275006962,-1.0106766000605012,-0.8801686895573397,0.11983131044266027
na,1327,9.140104732475903,9.54878206091399,7.903357464835986,7.335490994303633,-0.8796040284308049,0.12039597156919513
Izemoplasmataceae,20,8.688074200627492,8.014256659151066,6.626145908831157,-1.0106766000605012,-0.8791497744373493,0.12085022556265068
Methylophilaceae,25,-0.8597379083029877,-1.1045165192996254,3.8102282157065526,3.564034378442882,0.8697137589429491,0.1302862410570509
Absconditabacteriales_(SR1),31,-0.8597379083029877,-1.1045165192996254,5.0484264059078905,4.634770297582737,0.8676696961753821,0.13233030382461797
Rubritaleaceae,174,-0.8597379083029877,-1.1045165192996254,6.274339843103205,5.655007117721907,0.8646285807138557,0.13537141928614416
GIF3,22,8.576063327942565,5.743488755276738,6.365161839989378,4.760764523069515,-0.8639443283896321,0.13605567161036802
Chitinophagaceae,83,-0.8597379083029877,-1.1045165192996254,5.838269915665084,5.201929495691018,0.8617606960050651,0.138239303994935
Parcubacteria,31,-0.8597379083029877,-1.1045165192996254,6.306206946395239,5.509944527498195,0.8575145191771198,0.14248548082288015
ST-12K33,2,-0.8597379083029877,-1.1045165192996254,4.186943910528731,3.553671591407335,0.8498164339486258,0.15018356605137417
Vicinamibacteraceae,61,-0.8597379083029877,-1.1045165192996254,4.720834807225717,3.9380832903176675,0.846142082245871,0.15385791775412905
Chlorobiaceae,59,11.202054352046984,10.806406238931245,10.768926727811944,7.822202860217114,-0.8399936994096657,0.16000630059033427
Candidatus_Staskawiczbacteria,22,6.874820936051768,5.882973727701366,3.0457720074418253,4.095268873840079,-0.8362772517645001,0.16372274823549993
Bacteroidetes_BD2-2,43,7.168064940067325,7.193525142071939,6.159480534699366,-1.0106766000605012,-0.8346786067040046,0.16532139329599538
Legionellaceae,71,-0.8597379083029877,-1.1045165192996254,6.43266466408577,5.066965643288533,0.832143438986507,0.167856561013493
Candidatus_Buchananbacteria,4,4.933275700081157,7.054285971394377,2.7894762488107148,-1.0106766000605012,-0.8289856108141557,0.17101438918584444
Geobacteraceae,43,7.878676988864761,5.244622472080172,6.431193426509813,3.809604965544536,-0.822221575193835,0.1777784248061649
Aminicenantales,40,7.5321187918019525,8.57981950319183,6.471025531958217,5.069256595035089,-0.8170215815467394,0.18297841845326057
Desulfosarcinaceae,99,-0.8597379083029877,-1.1045165192996254,4.979181993732907,3.662152234401405,0.8156584314249764,0.1843415685750236
Sphingomonadaceae,121,-0.8597379083029877,-1.1045165192996254,5.6364738610057765,3.9380832903176675,0.8015801952231806,0.1984198047768193
Cyanobiaceae,90,11.510988636055176,9.07284572095707,10.241422379663465,7.977145025370314,-0.8009940189606862,0.19900598103931388
Chromatiaceae,84,8.1658379252281,8.573011019412718,8.062763867292917,5.623956757801185,-0.783918233863709,0.21608176613629104
Sva0485,48,-0.8597379083029877,6.692774754247846,6.58710933186164,6.724756752439188,0.7766957295570586,0.22330427044294154
Christensenellaceae,10,8.27770913815287,-1.1045165192996254,-1.699160120921425,-1.0106766000605012,-0.7679582318831856,0.23204176811681432
KD4-96,65,7.4110431048596865,-1.1045165192996254,-1.699160120921425,-1.0106766000605012,-0.7671263764021554,0.23287362359784458
SG8-4,4,7.323100802463038,-1.1045165192996254,-1.699160120921425,-1.0106766000605012,-0.7670306994217653,0.23296930057823473
Candidatus_Moranbacteria,56,8.961291521792619,9.52581891196908,8.889719619801582,7.079419183120459,-0.7636833182607182,0.2363166817392819
Staphylococcaceae,4,-0.8597379083029877,-1.1045165192996254,4.331525139339838,2.572842338395609,0.7633881954575367,0.23661180454246322
SBR1031,88,4.5293338215135135,-1.1045165192996254,-1.699160120921425,-1.0106766000605012,-0.7620450381415304,0.23795496185846954
Marinimicrobia_(SAR406_clade),8,5.28873038761466,6.749864691352739,5.429335824758612,-1.0106766000605012,-0.7501795670830302,0.24982043291696976
Desulfocapsaceae,54,-0.8597379083029877,-1.1045165192996254,6.4867473605609,3.71671121865184,0.7456416781659718,0.2543583218340282
Sulfurovaceae,16,9.758853992145127,8.193376749684418,8.944143480366813,7.974392959585298,-0.73462039789297,0.26537960210703004
Candidatus_Kerfeldbacteria,19,3.7353819418316023,7.179482784948901,2.2128628845067206,-1.0106766000605012,-0.7288932798897412,0.2711067201102588
Kiritimatiellaceae,12,-0.8597379083029877,-1.1045165192996254,-1.699160120921425,5.952513385809737,0.7107470252850352,0.2892529747149648
Lenti-02,13,-0.8597379083029877,3.657657415498131,3.8102282157065526,3.1324581263310316,0.7067168243600757,0.29328317563992434
Lactobacillaceae,1,-0.8597379083029877,-1.1045165192996254,-1.699160120921425,4.754514502724343,0.6972214938759091,0.30277850612409085
Subgroup_13,1,-0.8597379083029877,-1.1045165192996254,-1.699160120921425,4.686416886444904,0.6962802719116868,0.30371972808831327
SCGC_AAA011-D5,66,-0.8597379083029877,8.362943619545698,6.155609062577708,7.339280671979823,0.6929143700019956,0.30708562999800426
Desulfomonilaceae,18,-0.8597379083029877,-1.1045165192996254,-1.699160120921425,4.448908914083658,0.6928124635628887,0.3071875364371113
FS117-23B-02,1,-0.8597379083029877,-1.1045165192996254,-1.699160120921425,4.423045403493739,0.6924164128569115,0.30758358714308853
Candidatus_Peregrinibacteria,21,-0.8597379083029877,-1.1045165192996254,-1.699160120921425,4.3874861014572515,0.6918656565068251,0.3081343434931749
Unknown_Family,94,-0.8597379083029877,-1.1045165192996254,-1.699160120921425,4.215070073652701,0.6890883239855711,0.3109116760144288
Sporichthyaceae,49,-0.8597379083029877,8.26334029055154,7.264000121912307,6.925983555164925,0.6855123282430388,0.31448767175696135
Pasteurellaceae,1,-0.8597379083029877,-1.1045165192996254,-1.699160120921425,3.7851139455362404,0.6812884589609616,0.3187115410390384
RBG-13-54-9,27,-0.8597379083029877,-1.1045165192996254,-1.699160120921425,3.553671591407335,0.6764797879407503,0.32352021205924975
Sulfurospirillaceae,8,-0.8597379083029877,-1.1045165192996254,-1.699160120921425,3.5219228930927553,0.6757818102121548,0.3242181897878451
PRD18C08,6,3.374368596294272,6.386571074235251,3.578954538309092,-1.0106766000605012,-0.6745176611696729,0.32548233883032696
Candidatus_Kuenenbacteria,4,5.301469413392089,-1.1045165192996254,2.014411945782883,-1.0106766000605012,-0.6727132605416607,0.3272867394583394
Caloramatoraceae,2,-0.8597379083029877,-1.1045165192996254,-1.699160120921425,3.293388493143669,0.6704539783234994,0.3295460216765007
SB-5,43,-0.8597379083029877,-1.1045165192996254,-1.699160120921425,3.178978141965924,0.6675688346930579,0.33243116530694206
MSBL5,7,-0.8597379083029877,-1.1045165192996254,-1.699160120921425,3.178978141965924,0.6675688346930579,0.33243116530694206
Acetobacteraceae,82,-0.8597379083029877,-1.1045165192996254,-1.699160120921425,2.750523515633061,0.6552134640696675,0.3447865359303326
Desulfatiglandaceae,36,-0.8597379083029877,5.938643396688715,6.324064563795245,4.631230470877613,0.6544781148766815,0.3455218851233184
Woesearchaeales,155,-0.8597379083029877,7.815070401700289,7.629762966881705,6.076897105497472,0.6507318668773545,0.3492681331226455
Alcaligenaceae,4,-0.8597379083029877,-1.1045165192996254,-1.699160120921425,2.3566192299259727,0.6411115602182712,0.3588884397817287
Leptotrichiaceae,15,-0.8597379083029877,6.382096793840329,5.5711527651576,4.847256554422958,0.6399596001458456,0.36004039985415437
Acholeplasmataceae,4,-0.8597379083029877,6.661900378720031,6.839990237846855,5.046107413168124,0.639536709053204,0.36046329094679597
Lachnospiraceae,25,-0.8597379083029877,-1.1045165192996254,-1.699160120921425,2.285160265943828,0.6381980550165224,0.3618019449834775
Diplorickettsiaceae,39,-0.8597379083029877,-1.1045165192996254,-1.699160120921425,2.0338458376629216,0.626890082567437,0.37310991743256317
Bacteroidetes_VC2.1_Bac22,12,5.083061466823714,7.870607720128078,6.956402739759584,-1.0106766000605012,-0.6201745480503946,0.3798254519496054
Mycobacteriaceae,29,-0.8597379083029877,7.648538995838596,7.127721223209209,5.422263492678678,0.6045086324242223,0.39549136757577763
Erysipelatoclostridiaceae,5,7.98905854262296,-1.1045165192996254,4.9459308485842195,-1.0106766000605012,-0.5984787159082524,0.4015212840917477
SL56_marine_group,2,-0.8597379083029877,-1.1045165192996254,4.61257468823149,1.2919084929335447,0.5936145352132959,0.406385464786704
Fermentibacteraceae,4,-0.8597379083029877,-1.1045165192996254,4.445025513204221,1.1865479772757184,0.5879145481244643,0.4120854518755357
Hadarchaeales,1,-0.8597379083029877,-1.1045165192996254,-1.699160120921425,1.2919084929335447,0.5797291854058169,0.42027081459418314
Corynebacteriaceae,4,-0.8597379083029877,-1.1045165192996254,-1.699160120921425,1.2919084929335447,0.5797291854058169,0.42027081459418314
Terrimicrobiaceae,26,-0.8597379083029877,8.48021100521386,5.322816302150735,6.06682145350873,0.5720691743742591,0.42793082562574103
Phycisphaeraceae,181,7.575377172077642,8.367341605107658,7.999146580674665,6.521947018728287,-0.5709078535077609,0.42909214649223903
PeM15,18,7.670963633138042,6.950323701801398,-1.699160120921425,4.373818462728588,-0.5622040162509755,0.4377959837490244
Saccharimonadales,54,6.8158080942348604,8.570563652247193,8.23335211065532,3.801507755311916,-0.557228349784243,0.44277165021575704
S-BQ2-57_soil_group,17,8.054484912400312,-1.1045165192996254,5.859878134521959,-1.0106766000605012,-0.5541237258508447,0.4458762741491553
AKAU3564_sediment_group,19,-0.8597379083029877,7.556257400594136,6.056607049181573,4.41866902889394,0.5047882571107201,0.49521174288927994
BSV26,42,6.144236228419692,8.721279725520631,6.523930430240108,4.754514502724343,-0.5001153400315087,0.4998846599684912
Parachlamydiaceae,72,-0.8597379083029877,7.126859526274343,5.811270435456581,3.94515045754076,0.48364153393441955,0.5163584660655804
Cryomorphaceae,21,-0.8597379083029877,6.8012937933593065,5.8388025388467835,3.671454627063719,0.4782423100836247,0.5217576899163752
Comamonadaceae,294,6.35843893010042,6.107040214014177,5.041359238684798,6.0086200536545435,-0.47288647970055064,0.5271135202994492
WCHB1-81,13,7.079777352359419,8.511888780856689,5.58634642760136,6.622208905334632,-0.4569844661829814,0.5430155338170186
Solirubrobacteraceae,24,-0.8597379083029877,5.03536803292663,4.23042902246847,2.390520781601654,0.44111895782114796,0.5588810421788519
Rhodobacteraceae,203,-0.8597379083029877,7.273184693298013,3.113024234450992,4.257181559002827,0.4294202561340681,0.5705797438659319
Altiarchaeaceae,1,3.6175989061752194,-1.1045165192996254,-1.699160120921425,1.1865479772757184,-0.4204024543606195,0.5795975456393805
Clade_III,3,-0.8597379083029877,7.426382319172724,6.984225245358884,3.3460322266290907,0.4081610755214743,0.5918389244785258
WWE3,5,-0.8597379083029877,5.893079463682302,0.6034249720726208,4.064497215173326,0.3949683101996674,0.6050316898003327
LD1-PA32,4,-0.8597379083029877,6.464379144107371,4.387614605990882,2.9211490326638243,0.38727350694658946,0.6127264930534104
Pirellulaceae,456,7.355809503644082,2.4790024191564846,-1.699160120921425,5.060061127941989,-0.3679769074807713,0.6320230925192287
Zixibacteria,52,-0.8597379083029877,-1.1045165192996254,-1.699160120921425,-1.0106766000605012,-0.3676151234587005,0.6323848765412996
Chloroflexaceae,19,-0.8597379083029877,-1.1045165192996254,-1.699160120921425,-1.0106766000605012,-0.3676151234587005,0.6323848765412996
TRA3-20,20,-0.8597379083029877,-1.1045165192996254,-1.699160120921425,-1.0106766000605012,-0.3676151234587005,0.6323848765412996
Chroococcidiopsaceae,2,-0.8597379083029877,-1.1045165192996254,-1.699160120921425,-1.0106766000605012,-0.3676151234587005,0.6323848765412996
TSAC18,1,-0.8597379083029877,-1.1045165192996254,-1.699160120921425,-1.0106766000605012,-0.3676151234587005,0.6323848765412996
Cloacimonadaceae,1,-0.8597379083029877,-1.1045165192996254,-1.699160120921425,-1.0106766000605012,-0.3676151234587005,0.6323848765412996
Clostridia_UCG-014,1,-0.8597379083029877,-1.1045165192996254,-1.699160120921425,-1.0106766000605012,-0.3676151234587005,0.6323848765412996
Clostridiaceae,44,-0.8597379083029877,-1.1045165192996254,-1.699160120921425,-1.0106766000605012,-0.3676151234587005,0.6323848765412996
Coleofasciculaceae,3,-0.8597379083029877,-1.1045165192996254,-1.699160120921425,-1.0106766000605012,-0.3676151234587005,0.6323848765412996
Competibacteraceae,26,-0.8597379083029877,-1.1045165192996254,-1.699160120921425,-1.0106766000605012,-0.3676151234587005,0.6323848765412996
Xanthobacteraceae,46,-0.8597379083029877,-1.1045165192996254,-1.699160120921425,-1.0106766000605012,-0.3676151234587005,0.6323848765412996
AB-539-J10,1,-0.8597379083029877,-1.1045165192996254,-1.699160120921425,-1.0106766000605012,-0.3676151234587005,0.6323848765412996
AB1,3,-0.8597379083029877,-1.1045165192996254,-1.699160120921425,-1.0106766000605012,-0.3676151234587005,0.6323848765412996
ADurb.Bin180,5,-0.8597379083029877,-1.1045165192996254,-1.699160120921425,-1.0106766000605012,-0.3676151234587005,0.6323848765412996
AKIW781,3,-0.8597379083029877,-1.1045165192996254,-1.699160120921425,-1.0106766000605012,-0.3676151234587005,0.6323848765412996
Woeseiaceae,5,-0.8597379083029877,-1.1045165192996254,-1.699160120921425,-1.0106766000605012,-0.3676151234587005,0.6323848765412996
A0839,16,-0.8597379083029877,-1.1045165192996254,-1.699160120921425,-1.0106766000605012,-0.3676151234587005,0.6323848765412996
Alteromonadaceae,19,-0.8597379083029877,-1.1045165192996254,-1.699160120921425,-1.0106766000605012,-0.3676151234587005,0.6323848765412996
Amoebophilaceae,11,-0.8597379083029877,-1.1045165192996254,-1.699160120921425,-1.0106766000605012,-0.3676151234587005,0.6323848765412996
TX1A-33,1,-0.8597379083029877,-1.1045165192996254,-1.699160120921425,-1.0106766000605012,-0.3676151234587005,0.6323848765412996
Anaeromyxobacteraceae,6,-0.8597379083029877,-1.1045165192996254,-1.699160120921425,-1.0106766000605012,-0.3676151234587005,0.6323848765412996
Anaerovoracaceae,6,-0.8597379083029877,-1.1045165192996254,-1.699160120921425,-1.0106766000605012,-0.3676151234587005,0.6323848765412996
Thermoanaerobacteraceae,1,-0.8597379083029877,-1.1045165192996254,-1.699160120921425,-1.0106766000605012,-0.3676151234587005,0.6323848765412996
Alicyclobacillaceae,1,-0.8597379083029877,-1.1045165192996254,-1.699160120921425,-1.0106766000605012,-0.3676151234587005,0.6323848765412996
Thermomicrobiaceae,3,-0.8597379083029877,-1.1045165192996254,-1.699160120921425,-1.0106766000605012,-0.3676151234587005,0.6323848765412996
Thermotaleaceae,1,-0.8597379083029877,-1.1045165192996254,-1.699160120921425,-1.0106766000605012,-0.3676151234587005,0.6323848765412996
Thiotrichaceae,9,-0.8597379083029877,-1.1045165192996254,-1.699160120921425,-1.0106766000605012,-0.3676151234587005,0.6323848765412996
Trueperaceae,3,-0.8597379083029877,-1.1045165192996254,-1.699160120921425,-1.0106766000605012,-0.3676151234587005,0.6323848765412996
UASB-TL25,8,-0.8597379083029877,-1.1045165192996254,-1.699160120921425,-1.0106766000605012,-0.3676151234587005,0.6323848765412996
UBA12409,4,-0.8597379083029877,-1.1045165192996254,-1.699160120921425,-1.0106766000605012,-0.3676151234587005,0.6323848765412996
AT-s3-28,2,-0.8597379083029877,-1.1045165192996254,-1.699160120921425,-1.0106766000605012,-0.3676151234587005,0.6323848765412996
AKYG1722,1,-0.8597379083029877,-1.1045165192996254,-1.699160120921425,-1.0106766000605012,-0.3676151234587005,0.6323848765412996
Chitinibacteraceae,8,-0.8597379083029877,-1.1045165192996254,-1.699160120921425,-1.0106766000605012,-0.3676151234587005,0.6323848765412996
Chitinimonadaceae,2,-0.8597379083029877,-1.1045165192996254,-1.699160120921425,-1.0106766000605012,-0.3676151234587005,0.6323848765412996
Chlamydiaceae,1,-0.8597379083029877,-1.1045165192996254,-1.699160120921425,-1.0106766000605012,-0.3676151234587005,0.6323848765412996
AT-s3-44,1,-0.8597379083029877,-1.1045165192996254,-1.699160120921425,-1.0106766000605012,-0.3676151234587005,0.6323848765412996
Cryptosporangiaceae,1,-0.8597379083029877,-1.1045165192996254,-1.699160120921425,-1.0106766000605012,-0.3676151234587005,0.6323848765412996
Cyanobacteriaceae,7,-0.8597379083029877,-1.1045165192996254,-1.699160120921425,-1.0106766000605012,-0.3676151234587005,0.6323848765412996
Cyclobacteriaceae,24,-0.8597379083029877,-1.1045165192996254,-1.699160120921425,-1.0106766000605012,-0.3676151234587005,0.6323848765412996
Cytophagaceae,15,-0.8597379083029877,-1.1045165192996254,-1.699160120921425,-1.0106766000605012,-0.3676151234587005,0.6323848765412996
D05-2,1,-0.8597379083029877,-1.1045165192996254,-1.699160120921425,-1.0106766000605012,-0.3676151234587005,0.6323848765412996
DEV007,50,-0.8597379083029877,-1.1045165192996254,-1.699160120921425,-1.0106766000605012,-0.3676151234587005,0.6323848765412996
DG-20,1,-0.8597379083029877,-1.1045165192996254,-1.699160120921425,-1.0106766000605012,-0.3676151234587005,0.6323848765412996
DG-56,1,-0.8597379083029877,-1.1045165192996254,-1.699160120921425,-1.0106766000605012,-0.3676151234587005,0.6323848765412996
DS-100,4,-0.8597379083029877,-1.1045165192996254,-1.699160120921425,-1.0106766000605012,-0.3676151234587005,0.6323848765412996
DTU014,2,-0.8597379083029877,-1.1045165192996254,-1.699160120921425,-1.0106766000605012,-0.3676151234587005,0.6323848765412996
Dadabacteriales,1,-0.8597379083029877,-1.1045165192996254,-1.699160120921425,-1.0106766000605012,-0.3676151234587005,0.6323848765412996
Deep_Sea_Euryarchaeotic_Group(DSEG),1,-0.8597379083029877,-1.1045165192996254,-1.699160120921425,-1.0106766000605012,-0.3676151234587005,0.6323848765412996
Demequinaceae,2,-0.8597379083029877,-1.1045165192996254,-1.699160120921425,-1.0106766000605012,-0.3676151234587005,0.6323848765412996
Desertifilaceae,1,-0.8597379083029877,-1.1045165192996254,-1.699160120921425,-1.0106766000605012,-0.3676151234587005,0.6323848765412996
Desulfitobacteriaceae,3,-0.8597379083029877,-1.1045165192996254,-1.699160120921425,-1.0106766000605012,-0.3676151234587005,0.6323848765412996
Acanthopleuribacteraceae,7,-0.8597379083029877,-1.1045165192996254,-1.699160120921425,-1.0106766000605012,-0.3676151234587005,0.6323848765412996
Desulfobacterales,1,-0.8597379083029877,-1.1045165192996254,-1.699160120921425,-1.0106766000605012,-0.3676151234587005,0.6323848765412996
Desulfobulbaceae,11,-0.8597379083029877,-1.1045165192996254,-1.699160120921425,-1.0106766000605012,-0.3676151234587005,0.6323848765412996
Desulfococcaceae,5,-0.8597379083029877,-1.1045165192996254,-1.699160120921425,-1.0106766000605012,-0.3676151234587005,0.6323848765412996
Desulfomicrobiaceae,3,-0.8597379083029877,-1.1045165192996254,-1.699160120921425,-1.0106766000605012,-0.3676151234587005,0.6323848765412996
Candidatus_Peribacteria,5,-0.8597379083029877,-1.1045165192996254,-1.699160120921425,-1.0106766000605012,-0.3676151234587005,0.6323848765412996
Gallionellaceae,3,-0.8597379083029877,-1.1045165192996254,-1.699160120921425,-1.0106766000605012,-0.3676151234587005,0.6323848765412996
Candidatus_Uhrbacteria,8,-0.8597379083029877,-1.1045165192996254,-1.699160120921425,-1.0106766000605012,-0.3676151234587005,0.6323848765412996
Candidatus_Yanofskybacteria,11,-0.8597379083029877,-1.1045165192996254,-1.699160120921425,-1.0106766000605012,-0.3676151234587005,0.6323848765412996
Carnobacteriaceae,1,-0.8597379083029877,-1.1045165192996254,-1.699160120921425,-1.0106766000605012,-0.3676151234587005,0.6323848765412996
Acetothermiia,2,-0.8597379083029877,-1.1045165192996254,-1.699160120921425,-1.0106766000605012,-0.3676151234587005,0.6323848765412996
Cellulomonadaceae,1,-0.8597379083029877,-1.1045165192996254,-1.699160120921425,-1.0106766000605012,-0.3676151234587005,0.6323848765412996
Cellvibrionaceae,6,-0.8597379083029877,-1.1045165192996254,-1.699160120921425,-1.0106766000605012,-0.3676151234587005,0.6323848765412996
Desulfurivibrionaceae,1,-0.8597379083029877,-1.1045165192996254,-1.699160120921425,-1.0106766000605012,-0.3676151234587005,0.6323848765412996
Acidaminobacteraceae,17,-0.8597379083029877,-1.1045165192996254,-1.699160120921425,-1.0106766000605012,-0.3676151234587005,0.6323848765412996
Dietziaceae,1,-0.8597379083029877,-1.1045165192996254,-1.699160120921425,-1.0106766000605012,-0.3676151234587005,0.6323848765412996
Dongiaceae,9,-0.8597379083029877,-1.1045165192996254,-1.699160120921425,-1.0106766000605012,-0.3676151234587005,0.6323848765412996
Dysgonomonadaceae,1,-0.8597379083029877,-1.1045165192996254,-1.699160120921425,-1.0106766000605012,-0.3676151234587005,0.6323848765412996
EC3,8,-0.8597379083029877,-1.1045165192996254,-1.699160120921425,-1.0106766000605012,-0.3676151234587005,0.6323848765412996
EF100-94H03,1,-0.8597379083029877,-1.1045165192996254,-1.699160120921425,-1.0106766000605012,-0.3676151234587005,0.6323848765412996
EV818SWSAP88,6,-0.8597379083029877,-1.1045165192996254,-1.699160120921425,-1.0106766000605012,-0.3676151234587005,0.6323848765412996
Ectothiorhodospiraceae,3,-0.8597379083029877,-1.1045165192996254,-1.699160120921425,-1.0106766000605012,-0.3676151234587005,0.6323848765412996
Eel-36e1D6,3,-0.8597379083029877,-1.1045165192996254,-1.699160120921425,-1.0106766000605012,-0.3676151234587005,0.6323848765412996
Elev-16S-1166,3,-0.8597379083029877,-1.1045165192996254,-1.699160120921425,-1.0106766000605012,-0.3676151234587005,0.6323848765412996
Elsteraceae,4,-0.8597379083029877,-1.1045165192996254,-1.699160120921425,-1.0106766000605012,-0.3676151234587005,0.6323848765412996
Defluviicoccaceae,33,-0.8597379083029877,-1.1045165192996254,-1.699160120921425,-1.0106766000605012,-0.3676151234587005,0.6323848765412996
Defluviitaleaceae,1,-0.8597379083029877,-1.1045165192996254,-1.699160120921425,-1.0106766000605012,-0.3676151234587005,0.6323848765412996
Dehalococcoidia,1,-0.8597379083029877,-1.1045165192996254,-1.699160120921425,-1.0106766000605012,-0.3676151234587005,0.6323848765412996
Deinococcaceae,5,-0.8597379083029877,-1.1045165192996254,-1.699160120921425,-1.0106766000605012,-0.3676151234587005,0.6323848765412996
WCHB1-02,1,-0.8597379083029877,-1.1045165192996254,-1.699160120921425,-1.0106766000605012,-0.3676151234587005,0.6323848765412996
Endomicrobiaceae,4,-0.8597379083029877,-1.1045165192996254,-1.699160120921425,-1.0106766000605012,-0.3676151234587005,0.6323848765412996
Enterobacteriaceae,3,-0.8597379083029877,-1.1045165192996254,-1.699160120921425,-1.0106766000605012,-0.3676151234587005,0.6323848765412996
Entotheonellaceae,3,-0.8597379083029877,-1.1045165192996254,-1.699160120921425,-1.0106766000605012,-0.3676151234587005,0.6323848765412996
Erwiniaceae,1,-0.8597379083029877,-1.1045165192996254,-1.699160120921425,-1.0106766000605012,-0.3676151234587005,0.6323848765412996
Erysipelotrichaceae,8,-0.8597379083029877,-1.1045165192996254,-1.699160120921425,-1.0106766000605012,-0.3676151234587005,0.6323848765412996
Euzebyaceae,3,-0.8597379083029877,-1.1045165192996254,-1.699160120921425,-1.0106766000605012,-0.3676151234587005,0.6323848765412996
Exiguobacteraceae,1,-0.8597379083029877,-1.1045165192996254,-1.699160120921425,-1.0106766000605012,-0.3676151234587005,0.6323848765412996
F082,1,-0.8597379083029877,-1.1045165192996254,-1.699160120921425,-1.0106766000605012,-0.3676151234587005,0.6323848765412996
FCPU426,12,-0.8597379083029877,-1.1045165192996254,-1.699160120921425,-1.0106766000605012,-0.3676151234587005,0.6323848765412996
WD2101_soil_group,72,-0.8597379083029877,-1.1045165192996254,-1.699160120921425,-1.0106766000605012,-0.3676151234587005,0.6323848765412996
Ferrovibrionaceae,1,-0.8597379083029877,-1.1045165192996254,-1.699160120921425,-1.0106766000605012,-0.3676151234587005,0.6323848765412996
Ferrovibrionales,1,-0.8597379083029877,-1.1045165192996254,-1.699160120921425,-1.0106766000605012,-0.3676151234587005,0.6323848765412996
Fibrobacteraceae,30,-0.8597379083029877,-1.1045165192996254,-1.699160120921425,-1.0106766000605012,-0.3676151234587005,0.6323848765412996
Desulfotomaculales,4,-0.8597379083029877,-1.1045165192996254,-1.699160120921425,-1.0106766000605012,-0.3676151234587005,0.6323848765412996
Desulfovibrionaceae,7,-0.8597379083029877,-1.1045165192996254,-1.699160120921425,-1.0106766000605012,-0.3676151234587005,0.6323848765412996
Fokiniaceae,5,-0.8597379083029877,-1.1045165192996254,-1.699160120921425,-1.0106766000605012,-0.3676151234587005,0.6323848765412996
Francisellaceae,3,-0.8597379083029877,-1.1045165192996254,-1.699160120921425,-1.0106766000605012,-0.3676151234587005,0.6323848765412996
Frankiaceae,3,-0.8597379083029877,-1.1045165192996254,-1.699160120921425,-1.0106766000605012,-0.3676151234587005,0.6323848765412996
Frankiales,8,-0.8597379083029877,-1.1045165192996254,-1.699160120921425,-1.0106766000605012,-0.3676151234587005,0.6323848765412996
WS2,6,-0.8597379083029877,-1.1045165192996254,-1.699160120921425,-1.0106766000605012,-0.3676151234587005,0.6323848765412996
Fusobacteriaceae,4,-0.8597379083029877,-1.1045165192996254,-1.699160120921425,-1.0106766000605012,-0.3676151234587005,0.6323848765412996
GOUTB8,4,-0.8597379083029877,-1.1045165192996254,-1.699160120921425,-1.0106766000605012,-0.3676151234587005,0.6323848765412996
GW2011,2,-0.8597379083029877,-1.1045165192996254,-1.699160120921425,-1.0106766000605012,-0.3676151234587005,0.6323848765412996
Caldilineaceae,118,-0.8597379083029877,-1.1045165192996254,-1.699160120921425,-1.0106766000605012,-0.3676151234587005,0.6323848765412996
WS4,5,-0.8597379083029877,-1.1045165192996254,-1.699160120921425,-1.0106766000605012,-0.3676151234587005,0.6323848765412996
Candidatus_Abawacabacteria,2,-0.8597379083029877,-1.1045165192996254,-1.699160120921425,-1.0106766000605012,-0.3676151234587005,0.6323848765412996
Candidatus_Azambacteria,1,-0.8597379083029877,-1.1045165192996254,-1.699160120921425,-1.0106766000605012,-0.3676151234587005,0.6323848765412996
Candidatus_Campbellbacteria,5,-0.8597379083029877,-1.1045165192996254,-1.699160120921425,-1.0106766000605012,-0.3676151234587005,0.6323848765412996
Candidatus_Hepatincola,3,-0.8597379083029877,-1.1045165192996254,-1.699160120921425,-1.0106766000605012,-0.3676151234587005,0.6323848765412996
WX65,1,-0.8597379083029877,-1.1045165192996254,-1.699160120921425,-1.0106766000605012,-0.3676151234587005,0.6323848765412996
Weeksellaceae,10,-0.8597379083029877,-1.1045165192996254,-1.699160120921425,-1.0106766000605012,-0.3676151234587005,0.6323848765412996
Ga0077536,15,-0.8597379083029877,-1.1045165192996254,-1.699160120921425,-1.0106766000605012,-0.3676151234587005,0.6323848765412996
Gaiellaceae,22,-0.8597379083029877,-1.1045165192996254,-1.699160120921425,-1.0106766000605012,-0.3676151234587005,0.6323848765412996
Williamwhitmaniaceae,15,-0.8597379083029877,-1.1045165192996254,-1.699160120921425,-1.0106766000605012,-0.3676151234587005,0.6323848765412996
Gastranaerophilales,22,-0.8597379083029877,-1.1045165192996254,-1.699160120921425,-1.0106766000605012,-0.3676151234587005,0.6323848765412996
Geminicoccaceae,41,-0.8597379083029877,-1.1045165192996254,-1.699160120921425,-1.0106766000605012,-0.3676151234587005,0.6323848765412996
Gemmataceae,297,-0.8597379083029877,-1.1045165192996254,-1.699160120921425,-1.0106766000605012,-0.3676151234587005,0.6323848765412996
A4b,155,-0.8597379083029877,-1.1045165192996254,-1.699160120921425,-1.0106766000605012,-0.3676151234587005,0.6323848765412996
Geodermatophilaceae,4,-0.8597379083029877,-1.1045165192996254,-1.699160120921425,-1.0106766000605012,-0.3676151234587005,0.6323848765412996
Gimesiaceae,1,-0.8597379083029877,-1.1045165192996254,-1.699160120921425,-1.0106766000605012,-0.3676151234587005,0.6323848765412996
Gitt-GS-136,3,-0.8597379083029877,-1.1045165192996254,-1.699160120921425,-1.0106766000605012,-0.3676151234587005,0.6323848765412996
Gloeocapsaceae,9,-0.8597379083029877,-1.1045165192996254,-1.699160120921425,-1.0106766000605012,-0.3676151234587005,0.6323848765412996
Fibrobacterales,1,-0.8597379083029877,-1.1045165192996254,-1.699160120921425,-1.0106766000605012,-0.3676151234587005,0.6323848765412996
Fimbriimonadaceae,19,-0.8597379083029877,-1.1045165192996254,-1.699160120921425,-1.0106766000605012,-0.3676151234587005,0.6323848765412996
Flammeovirgaceae,2,-0.8597379083029877,-1.1045165192996254,-1.699160120921425,-1.0106766000605012,-0.3676151234587005,0.6323848765412996
AKYH767,11,-0.8597379083029877,-1.1045165192996254,-1.699160120921425,-1.0106766000605012,-0.3676151234587005,0.6323848765412996
Fodinicurvataceae,2,-0.8597379083029877,-1.1045165192996254,-1.699160120921425,-1.0106766000605012,-0.3676151234587005,0.6323848765412996
Hahellaceae,2,-0.8597379083029877,-1.1045165192996254,-1.699160120921425,-1.0106766000605012,-0.3676151234587005,0.6323848765412996
Haliangiaceae,26,-0.8597379083029877,-1.1045165192996254,-1.699160120921425,-1.0106766000605012,-0.3676151234587005,0.6323848765412996
Halieaceae,21,-0.8597379083029877,-1.1045165192996254,-1.699160120921425,-1.0106766000605012,-0.3676151234587005,0.6323848765412996
Halomonadaceae,3,-0.8597379083029877,-1.1045165192996254,-1.699160120921425,-1.0106766000605012,-0.3676151234587005,0.6323848765412996
Halothiobacillaceae,10,-0.8597379083029877,-1.1045165192996254,-1.699160120921425,-1.0106766000605012,-0.3676151234587005,0.6323848765412996
Helicobacteraceae,2,-0.8597379083029877,-1.1045165192996254,-1.699160120921425,-1.0106766000605012,-0.3676151234587005,0.6323848765412996
Herpetosiphonaceae,1,-0.8597379083029877,-1.1045165192996254,-1.699160120921425,-1.0106766000605012,-0.3676151234587005,0.6323848765412996
Holophagaceae,6,-0.8597379083029877,-1.1045165192996254,-1.699160120921425,-1.0106766000605012,-0.3676151234587005,0.6323848765412996
Holosporaceae,11,-0.8597379083029877,-1.1045165192996254,-1.699160120921425,-1.0106766000605012,-0.3676151234587005,0.6323848765412996
Hydrogenedensaceae,34,-0.8597379083029877,-1.1045165192996254,-1.699160120921425,-1.0106766000605012,-0.3676151234587005,0.6323848765412996
Hydrogenophilaceae,82,-0.8597379083029877,-1.1045165192996254,-1.699160120921425,-1.0106766000605012,-0.3676151234587005,0.6323848765412996
Hymenobacteraceae,11,-0.8597379083029877,-1.1045165192996254,-1.699160120921425,-1.0106766000605012,-0.3676151234587005,0.6323848765412996
GWA2-38-13b,1,-0.8597379083029877,-1.1045165192996254,-1.699160120921425,-1.0106766000605012,-0.3676151234587005,0.6323848765412996
GWB1-42-6,3,-0.8597379083029877,-1.1045165192996254,-1.699160120921425,-1.0106766000605012,-0.3676151234587005,0.6323848765412996
V2072-189E03,1,-0.8597379083029877,-1.1045165192996254,-1.699160120921425,-1.0106766000605012,-0.3676151234587005,0.6323848765412996
GZKB75,1,-0.8597379083029877,-1.1045165192996254,-1.699160120921425,-1.0106766000605012,-0.3676151234587005,0.6323848765412996
LD-RB-34,4,-0.8597379083029877,-1.1045165192996254,-1.699160120921425,-1.0106766000605012,-0.3676151234587005,0.6323848765412996
Hyphomicrobiaceae,104,-0.8597379083029877,-1.1045165192996254,-1.699160120921425,-1.0106766000605012,-0.3676151234587005,0.6323848765412996
Hyphomonadaceae,80,-0.8597379083029877,-1.1045165192996254,-1.699160120921425,-1.0106766000605012,-0.3676151234587005,0.6323848765412996
IMCC26256,16,-0.8597379083029877,-1.1045165192996254,-1.699160120921425,-1.0106766000605012,-0.3676151234587005,0.6323848765412996
Iainarchaeales,8,-0.8597379083029877,-1.1045165192996254,-1.699160120921425,-1.0106766000605012,-0.3676151234587005,0.6323848765412996
Iamiaceae,24,-0.8597379083029877,-1.1045165192996254,-1.699160120921425,-1.0106766000605012,-0.3676151234587005,0.6323848765412996
Ignavibacteriaceae,11,-0.8597379083029877,-1.1045165192996254,-1.699160120921425,-1.0106766000605012,-0.3676151234587005,0.6323848765412996
Intrasporangiaceae,12,-0.8597379083029877,-1.1045165192996254,-1.699160120921425,-1.0106766000605012,-0.3676151234587005,0.6323848765412996
Isosphaeraceae,73,-0.8597379083029877,-1.1045165192996254,-1.699160120921425,-1.0106766000605012,-0.3676151234587005,0.6323848765412996
JG30-KF-CM45,31,-0.8597379083029877,-1.1045165192996254,-1.699160120921425,-1.0106766000605012,-0.3676151234587005,0.6323848765412996
JG30-KF-CM66,4,-0.8597379083029877,-1.1045165192996254,-1.699160120921425,-1.0106766000605012,-0.3676151234587005,0.6323848765412996
JG36-GS-52,11,-0.8597379083029877,-1.1045165192996254,-1.699160120921425,-1.0106766000605012,-0.3676151234587005,0.6323848765412996
JG36-TzT-191,1,-0.8597379083029877,-1.1045165192996254,-1.699160120921425,-1.0106766000605012,-0.3676151234587005,0.6323848765412996
JGI_0000069-P22,11,-0.8597379083029877,-1.1045165192996254,-1.699160120921425,-1.0106766000605012,-0.3676151234587005,0.6323848765412996
Gracilibacteraceae,3,-0.8597379083029877,-1.1045165192996254,-1.699160120921425,-1.0106766000605012,-0.3676151234587005,0.6323848765412996
Defferrisomataceae,1,-0.8597379083029877,-1.1045165192996254,-1.699160120921425,-1.0106766000605012,-0.3676151234587005,0.6323848765412996
CPR2,1,-0.8597379083029877,-1.1045165192996254,-1.699160120921425,-1.0106766000605012,-0.3676151234587005,0.6323848765412996
CPla-3_termite_group,2,-0.8597379083029877,-1.1045165192996254,-1.699160120921425,-1.0106766000605012,-0.3676151234587005,0.6323848765412996
Caedibacteraceae,2,-0.8597379083029877,-1.1045165192996254,-1.699160120921425,-1.0106766000605012,-0.3676151234587005,0.6323848765412996
Caenarcaniphilales,2,-0.8597379083029877,-1.1045165192996254,-1.699160120921425,-1.0106766000605012,-0.3676151234587005,0.6323848765412996
JTB23,2,-0.8597379083029877,-1.1045165192996254,-1.699160120921425,-1.0106766000605012,-0.3676151234587005,0.6323848765412996
Alcanivoracaceae,1,-0.8597379083029877,-1.1045165192996254,-1.699160120921425,-1.0106766000605012,-0.3676151234587005,0.6323848765412996
KF-JG30-B3,1,-0.8597379083029877,-1.1045165192996254,-1.699160120921425,-1.0106766000605012,-0.3676151234587005,0.6323848765412996
KF-JG30-C25,3,-0.8597379083029877,-1.1045165192996254,-1.699160120921425,-1.0106766000605012,-0.3676151234587005,0.6323848765412996
Actinomycetaceae,2,-0.8597379083029877,-1.1045165192996254,-1.699160120921425,-1.0106766000605012,-0.3676151234587005,0.6323848765412996
Acidothermaceae,1,-0.8597379083029877,-1.1045165192996254,-1.699160120921425,-1.0106766000605012,-0.3676151234587005,0.6323848765412996
Kazania,1,-0.8597379083029877,-1.1045165192996254,-1.699160120921425,-1.0106766000605012,-0.3676151234587005,0.6323848765412996
Kiloniellaceae,2,-0.8597379083029877,-1.1045165192996254,-1.699160120921425,-1.0106766000605012,-0.3676151234587005,0.6323848765412996
Kineosporiaceae,9,-0.8597379083029877,-1.1045165192996254,-1.699160120921425,-1.0106766000605012,-0.3676151234587005,0.6323848765412996
Kordiimonadaceae,1,-0.8597379083029877,-1.1045165192996254,-1.699160120921425,-1.0106766000605012,-0.3676151234587005,0.6323848765412996
Ktedonobacteraceae,1,-0.8597379083029877,-1.1045165192996254,-1.699160120921425,-1.0106766000605012,-0.3676151234587005,0.6323848765412996
LCP-89,22,-0.8597379083029877,-1.1045165192996254,-1.699160120921425,-1.0106766000605012,-0.3676151234587005,0.6323848765412996
Leeiaceae,1,-0.8597379083029877,-1.1045165192996254,-1.699160120921425,-1.0106766000605012,-0.3676151234587005,0.6323848765412996
Leptolyngbyaceae,16,-0.8597379083029877,-1.1045165192996254,-1.699160120921425,-1.0106766000605012,-0.3676151234587005,0.6323848765412996
Leptospiraceae,18,-0.8597379083029877,-1.1045165192996254,-1.699160120921425,-1.0106766000605012,-0.3676151234587005,0.6323848765412996
LiUU-11-161,2,-0.8597379083029877,-1.1045165192996254,-1.699160120921425,-1.0106766000605012,-0.3676151234587005,0.6323848765412996
Brevibacillaceae,1,-0.8597379083029877,-1.1045165192996254,-1.699160120921425,-1.0106766000605012,-0.3676151234587005,0.6323848765412996
Brevinemataceae,2,-0.8597379083029877,-1.1045165192996254,-1.699160120921425,-1.0106766000605012,-0.3676151234587005,0.6323848765412996
Brocadiaceae,1,-0.8597379083029877,-1.1045165192996254,-1.699160120921425,-1.0106766000605012,-0.3676151234587005,0.6323848765412996
Bryobacteraceae,31,-0.8597379083029877,-1.1045165192996254,-1.699160120921425,-1.0106766000605012,-0.3676151234587005,0.6323848765412996
Acidobacteriae,12,-0.8597379083029877,-1.1045165192996254,-1.699160120921425,-1.0106766000605012,-0.3676151234587005,0.6323848765412996
C10-SB1A,1,-0.8597379083029877,-1.1045165192996254,-1.699160120921425,-1.0106766000605012,-0.3676151234587005,0.6323848765412996
CCD24,18,-0.8597379083029877,-1.1045165192996254,-1.699160120921425,-1.0106766000605012,-0.3676151234587005,0.6323848765412996
CCM11a,37,-0.8597379083029877,-1.1045165192996254,-1.699160120921425,-1.0106766000605012,-0.3676151234587005,0.6323848765412996
CCM19a,11,-0.8597379083029877,-1.1045165192996254,-1.699160120921425,-1.0106766000605012,-0.3676151234587005,0.6323848765412996
CG1-02-32-21,3,-0.8597379083029877,-1.1045165192996254,-1.699160120921425,-1.0106766000605012,-0.3676151234587005,0.6323848765412996
CHAB-XI-27,2,-0.8597379083029877,-1.1045165192996254,-1.699160120921425,-1.0106766000605012,-0.3676151234587005,0.6323848765412996
CK-2C2-2,1,-0.8597379083029877,-1.1045165192996254,-1.699160120921425,-1.0106766000605012,-0.3676151234587005,0.6323848765412996
MB-A2-108,18,-0.8597379083029877,-1.1045165192996254,-1.699160120921425,-1.0106766000605012,-0.3676151234587005,0.6323848765412996
Acidobacteriaceae_(Subgroup_1),1,-0.8597379083029877,-1.1045165192996254,-1.699160120921425,-1.0106766000605012,-0.3676151234587005,0.6323848765412996
MSB-3C8,7,-0.8597379083029877,-1.1045165192996254,-1.699160120921425,-1.0106766000605012,-0.3676151234587005,0.6323848765412996
MSB-5B2,2,-0.8597379083029877,-1.1045165192996254,-1.699160120921425,-1.0106766000605012,-0.3676151234587005,0.6323848765412996
Acidiferrobacteraceae,5,-0.8597379083029877,-1.1045165192996254,-1.699160120921425,-1.0106766000605012,-0.3676151234587005,0.6323848765412996
MVP-21,1,-0.8597379083029877,-1.1045165192996254,-1.699160120921425,-1.0106766000605012,-0.3676151234587005,0.6323848765412996
MVP-88,5,-0.8597379083029877,-1.1045165192996254,-1.699160120921425,-1.0106766000605012,-0.3676151234587005,0.6323848765412996
MWH-CFBk5,2,-0.8597379083029877,-1.1045165192996254,-1.699160120921425,-1.0106766000605012,-0.3676151234587005,0.6323848765412996
MWH-UniP1_aquatic_group,1,-0.8597379083029877,-1.1045165192996254,-1.699160120921425,-1.0106766000605012,-0.3676151234587005,0.6323848765412996
Magnetospiraceae,1,-0.8597379083029877,-1.1045165192996254,-1.699160120921425,-1.0106766000605012,-0.3676151234587005,0.6323848765412996
LD1-PB3,3,-0.8597379083029877,-1.1045165192996254,-1.699160120921425,-1.0106766000605012,-0.3676151234587005,0.6323848765412996
LH041,1,-0.8597379083029877,-1.1045165192996254,-1.699160120921425,-1.0106766000605012,-0.3676151234587005,0.6323848765412996
LWQ8,4,-0.8597379083029877,-1.1045165192996254,-1.699160120921425,-1.0106766000605012,-0.3676151234587005,0.6323848765412996
Labraceae,1,-0.8597379083029877,-1.1045165192996254,-1.699160120921425,-1.0106766000605012,-0.3676151234587005,0.6323848765412996
Latescibacteraceae,31,-0.8597379083029877,-1.1045165192996254,-1.699160120921425,-1.0106766000605012,-0.3676151234587005,0.6323848765412996
Latescibacterota,79,-0.8597379083029877,-1.1045165192996254,-1.699160120921425,-1.0106766000605012,-0.3676151234587005,0.6323848765412996
Marinifilaceae,10,-0.8597379083029877,-1.1045165192996254,-1.699160120921425,-1.0106766000605012,-0.3676151234587005,0.6323848765412996
Xanthomonadaceae,26,-0.8597379083029877,-1.1045165192996254,-1.699160120921425,-1.0106766000605012,-0.3676151234587005,0.6323848765412996
Methanobacteriaceae,1,-0.8597379083029877,-1.1045165192996254,-1.699160120921425,-1.0106766000605012,-0.3676151234587005,0.6323848765412996
Methanomicrobiales,1,-0.8597379083029877,-1.1045165192996254,-1.699160120921425,-1.0106766000605012,-0.3676151234587005,0.6323848765412996
Methanoregulaceae,1,-0.8597379083029877,-1.1045165192996254,-1.699160120921425,-1.0106766000605012,-0.3676151234587005,0.6323848765412996
Methanosaetaceae,3,-0.8597379083029877,-1.1045165192996254,-1.699160120921425,-1.0106766000605012,-0.3676151234587005,0.6323848765412996
Methanosarcinaceae,3,-0.8597379083029877,-1.1045165192996254,-1.699160120921425,-1.0106766000605012,-0.3676151234587005,0.6323848765412996
Methylacidiphilaceae,20,-0.8597379083029877,-1.1045165192996254,-1.699160120921425,-1.0106766000605012,-0.3676151234587005,0.6323848765412996
Methyloligellaceae,5,-0.8597379083029877,-1.1045165192996254,-1.699160120921425,-1.0106766000605012,-0.3676151234587005,0.6323848765412996
Methylomirabilaceae,6,-0.8597379083029877,-1.1045165192996254,-1.699160120921425,-1.0106766000605012,-0.3676151234587005,0.6323848765412996
Methylomonadaceae,12,-0.8597379083029877,-1.1045165192996254,-1.699160120921425,-1.0106766000605012,-0.3676151234587005,0.6323848765412996
Limnochordia,5,-0.8597379083029877,-1.1045165192996254,-1.699160120921425,-1.0106766000605012,-0.3676151234587005,0.6323848765412996
Lineage_IIa,2,-0.8597379083029877,-1.1045165192996254,-1.699160120921425,-1.0106766000605012,-0.3676151234587005,0.6323848765412996
Lineage_IIb,12,-0.8597379083029877,-1.1045165192996254,-1.699160120921425,-1.0106766000605012,-0.3676151234587005,0.6323848765412996
Lineage_IIc,1,-0.8597379083029877,-1.1045165192996254,-1.699160120921425,-1.0106766000605012,-0.3676151234587005,0.6323848765412996
Xenococcaceae,2,-0.8597379083029877,-1.1045165192996254,-1.699160120921425,-1.0106766000605012,-0.3676151234587005,0.6323848765412996
MgMjR-022,1,-0.8597379083029877,-1.1045165192996254,-1.699160120921425,-1.0106766000605012,-0.3676151234587005,0.6323848765412996
Micavibrionaceae,11,-0.8597379083029877,-1.1045165192996254,-1.699160120921425,-1.0106766000605012,-0.3676151234587005,0.6323848765412996
Xiphinematobacteraceae,7,-0.8597379083029877,-1.1045165192996254,-1.699160120921425,-1.0106766000605012,-0.3676151234587005,0.6323848765412996
Micrococcaceae,9,-0.8597379083029877,-1.1045165192996254,-1.699160120921425,-1.0106766000605012,-0.3676151234587005,0.6323848765412996
Microcystaceae,53,-0.8597379083029877,-1.1045165192996254,-1.699160120921425,-1.0106766000605012,-0.3676151234587005,0.6323848765412996
Micromonosporaceae,7,-0.8597379083029877,-1.1045165192996254,-1.699160120921425,-1.0106766000605012,-0.3676151234587005,0.6323848765412996
Micropepsaceae,3,-0.8597379083029877,-1.1045165192996254,-1.699160120921425,-1.0106766000605012,-0.3676151234587005,0.6323848765412996
Microscillaceae,122,-0.8597379083029877,-1.1045165192996254,-1.699160120921425,-1.0106766000605012,-0.3676151234587005,0.6323848765412996
MidBa8,2,-0.8597379083029877,-1.1045165192996254,-1.699160120921425,-1.0106766000605012,-0.3676151234587005,0.6323848765412996
Mitochondria,52,-0.8597379083029877,-1.1045165192996254,-1.699160120921425,-1.0106766000605012,-0.3676151234587005,0.6323848765412996
Moduliflexaceae,2,-0.8597379083029877,-1.1045165192996254,-1.699160120921425,-1.0106766000605012,-0.3676151234587005,0.6323848765412996
Moraxellaceae,16,-0.8597379083029877,-1.1045165192996254,-1.699160120921425,-1.0106766000605012,-0.3676151234587005,0.6323848765412996
Magnetospirillaceae,2,-0.8597379083029877,-1.1045165192996254,-1.699160120921425,-1.0106766000605012,-0.3676151234587005,0.6323848765412996
Margulisbacteria,15,-0.8597379083029877,-1.1045165192996254,-1.699160120921425,-1.0106766000605012,-0.3676151234587005,0.6323848765412996
Marine_Benthic_Group_D_and_DHVEG-1,4,-0.8597379083029877,-1.1045165192996254,-1.699160120921425,-1.0106766000605012,-0.3676151234587005,0.6323848765412996
Muribaculaceae,1,-0.8597379083029877,-1.1045165192996254,-1.699160120921425,-1.0106766000605012,-0.3676151234587005,0.6323848765412996
Mycoplasmataceae,1,-0.8597379083029877,-1.1045165192996254,-1.699160120921425,-1.0106766000605012,-0.3676151234587005,0.6323848765412996
Myxococcaceae,26,-0.8597379083029877,-1.1045165192996254,-1.699160120921425,-1.0106766000605012,-0.3676151234587005,0.6323848765412996
NB1-j,67,-0.8597379083029877,-1.1045165192996254,-1.699160120921425,-1.0106766000605012,-0.3676151234587005,0.6323848765412996
NS11-12_marine_group,29,-0.8597379083029877,-1.1045165192996254,-1.699160120921425,-1.0106766000605012,-0.3676151234587005,0.6323848765412996
NS7_marine_group,1,-0.8597379083029877,-1.1045165192996254,-1.699160120921425,-1.0106766000605012,-0.3676151234587005,0.6323848765412996
NS9_marine_group,30,-0.8597379083029877,-1.1045165192996254,-1.699160120921425,-1.0106766000605012,-0.3676151234587005,0.6323848765412996
Nakamurellaceae,7,-0.8597379083029877,-1.1045165192996254,-1.699160120921425,-1.0106766000605012,-0.3676151234587005,0.6323848765412996
Nannocystaceae,18,-0.8597379083029877,-1.1045165192996254,-1.699160120921425,-1.0106766000605012,-0.3676151234587005,0.6323848765412996
Neisseriaceae,12,-0.8597379083029877,-1.1045165192996254,-1.699160120921425,-1.0106766000605012,-0.3676151234587005,0.6323848765412996
Nitrococcaceae,1,-0.8597379083029877,-1.1045165192996254,-1.699160120921425,-1.0106766000605012,-0.3676151234587005,0.6323848765412996
Nitrosococcaceae,4,-0.8597379083029877,-1.1045165192996254,-1.699160120921425,-1.0106766000605012,-0.3676151234587005,0.6323848765412996
Nitrosomonadaceae,83,-0.8597379083029877,-1.1045165192996254,-1.699160120921425,-1.0106766000605012,-0.3676151234587005,0.6323848765412996
Nitrosopumilaceae,5,-0.8597379083029877,-1.1045165192996254,-1.699160120921425,-1.0106766000605012,-0.3676151234587005,0.6323848765412996
Methylopilaceae,2,-0.8597379083029877,-1.1045165192996254,-1.699160120921425,-1.0106766000605012,-0.3676151234587005,0.6323848765412996
Paraspirulinaceae,2,-0.8597379083029877,-1.1045165192996254,-1.699160120921425,-1.0106766000605012,-0.3676151234587005,0.6323848765412996
Nitrososphaeraceae,3,-0.8597379083029877,-1.1045165192996254,-1.699160120921425,-1.0106766000605012,-0.3676151234587005,0.6323848765412996
Nitrospiraceae,21,-0.8597379083029877,-1.1045165192996254,-1.699160120921425,-1.0106766000605012,-0.3676151234587005,0.6323848765412996
Nocardiaceae,6,-0.8597379083029877,-1.1045165192996254,-1.699160120921425,-1.0106766000605012,-0.3676151234587005,0.6323848765412996
Nocardioidaceae,32,-0.8597379083029877,-1.1045165192996254,-1.699160120921425,-1.0106766000605012,-0.3676151234587005,0.6323848765412996
Nodosilineaceae,12,-0.8597379083029877,-1.1045165192996254,-1.699160120921425,-1.0106766000605012,-0.3676151234587005,0.6323848765412996
Nostocaceae,3,-0.8597379083029877,-1.1045165192996254,-1.699160120921425,-1.0106766000605012,-0.3676151234587005,0.6323848765412996
OLB14,8,-0.8597379083029877,-1.1045165192996254,-1.699160120921425,-1.0106766000605012,-0.3676151234587005,0.6323848765412996
OM182_clade,1,-0.8597379083029877,-1.1045165192996254,-1.699160120921425,-1.0106766000605012,-0.3676151234587005,0.6323848765412996
OM190,85,-0.8597379083029877,-1.1045165192996254,-1.699160120921425,-1.0106766000605012,-0.3676151234587005,0.6323848765412996
OPB41,5,-0.8597379083029877,-1.1045165192996254,-1.699160120921425,-1.0106766000605012,-0.3676151234587005,0.6323848765412996
Obscuribacteraceae,10,-0.8597379083029877,-1.1045165192996254,-1.699160120921425,-1.0106766000605012,-0.3676151234587005,0.6323848765412996
Oleiphilaceae,1,-0.8597379083029877,-1.1045165192996254,-1.699160120921425,-1.0106766000605012,-0.3676151234587005,0.6323848765412996
Oligoflexales,14,-0.8597379083029877,-1.1045165192996254,-1.699160120921425,-1.0106766000605012,-0.3676151234587005,0.6323848765412996
Omnitrophales,1,-0.8597379083029877,-1.1045165192996254,-1.699160120921425,-1.0106766000605012,-0.3676151234587005,0.6323848765412996
Bernardetiaceae,7,-0.8597379083029877,-1.1045165192996254,-1.699160120921425,-1.0106766000605012,-0.3676151234587005,0.6323848765412996
Blastocatellaceae,14,-0.8597379083029877,-1.1045165192996254,-1.699160120921425,-1.0106766000605012,-0.3676151234587005,0.6323848765412996
Blfdi19,25,-0.8597379083029877,-1.1045165192996254,-1.699160120921425,-1.0106766000605012,-0.3676151234587005,0.6323848765412996
Bradymonadales,20,-0.8597379083029877,-1.1045165192996254,-1.699160120921425,-1.0106766000605012,-0.3676151234587005,0.6323848765412996
Oxalobacteraceae,34,-0.8597379083029877,-1.1045165192996254,-1.699160120921425,-1.0106766000605012,-0.3676151234587005,0.6323848765412996
P9X2b3D02,2,-0.8597379083029877,-1.1045165192996254,-1.699160120921425,-1.0106766000605012,-0.3676151234587005,0.6323848765412996
PAUC26f,4,-0.8597379083029877,-1.1045165192996254,-1.699160120921425,-1.0106766000605012,-0.3676151234587005,0.6323848765412996
PBS-18,1,-0.8597379083029877,-1.1045165192996254,-1.699160120921425,-1.0106766000605012,-0.3676151234587005,0.6323848765412996
PHOS-HE36,5,-0.8597379083029877,-1.1045165192996254,-1.699160120921425,-1.0106766000605012,-0.3676151234587005,0.6323848765412996
PLTA13,10,-0.8597379083029877,-1.1045165192996254,-1.699160120921425,-1.0106766000605012,-0.3676151234587005,0.6323848765412996
PS-B29,2,-0.8597379083029877,-1.1045165192996254,-1.699160120921425,-1.0106766000605012,-0.3676151234587005,0.6323848765412996
Paenibacillaceae,4,-0.8597379083029877,-1.1045165192996254,-1.699160120921425,-1.0106766000605012,-0.3676151234587005,0.6323848765412996
Peptostreptococcales-Tissierellales,4,-0.8597379083029877,-1.1045165192996254,-1.699160120921425,-1.0106766000605012,-0.3676151234587005,0.6323848765412996
Phaselicystidaceae,7,-0.8597379083029877,-1.1045165192996254,-1.699160120921425,-1.0106766000605012,-0.3676151234587005,0.6323848765412996
Phormidesmiaceae,8,-0.8597379083029877,-1.1045165192996254,-1.699160120921425,-1.0106766000605012,-0.3676151234587005,0.6323848765412996
Phormidiaceae,13,-0.8597379083029877,-1.1045165192996254,-1.699160120921425,-1.0106766000605012,-0.3676151234587005,0.6323848765412996
Piscirickettsiaceae,1,-0.8597379083029877,-1.1045165192996254,-1.699160120921425,-1.0106766000605012,-0.3676151234587005,0.6323848765412996
Pla1_lineage,13,-0.8597379083029877,-1.1045165192996254,-1.699160120921425,-1.0106766000605012,-0.3676151234587005,0.6323848765412996
Pla3_lineage,4,-0.8597379083029877,-1.1045165192996254,-1.699160120921425,-1.0106766000605012,-0.3676151234587005,0.6323848765412996
Bacteriovoracaceae,50,-0.8597379083029877,-1.1045165192996254,-1.699160120921425,-1.0106766000605012,-0.3676151234587005,0.6323848765412996
Bacteroidaceae,1,-0.8597379083029877,-1.1045165192996254,-1.699160120921425,-1.0106766000605012,-0.3676151234587005,0.6323848765412996
Balneolaceae,9,-0.8597379083029877,-1.1045165192996254,-1.699160120921425,-1.0106766000605012,-0.3676151234587005,0.6323848765412996
Beggiatoaceae,4,-0.8597379083029877,-1.1045165192996254,-1.699160120921425,-1.0106766000605012,-0.3676151234587005,0.6323848765412996
Beijerinckiaceae,49,-0.8597379083029877,-1.1045165192996254,-1.699160120921425,-1.0106766000605012,-0.3676151234587005,0.6323848765412996
Pleomorphomonadaceae,14,-0.8597379083029877,-1.1045165192996254,-1.699160120921425,-1.0106766000605012,-0.3676151234587005,0.6323848765412996
Polyangiaceae,2,-0.8597379083029877,-1.1045165192996254,-1.699160120921425,-1.0106766000605012,-0.3676151234587005,0.6323848765412996
Porticoccaceae,3,-0.8597379083029877,-1.1045165192996254,-1.699160120921425,-1.0106766000605012,-0.3676151234587005,0.6323848765412996
Procabacteriaceae,1,-0.8597379083029877,-1.1045165192996254,-1.699160120921425,-1.0106766000605012,-0.3676151234587005,0.6323848765412996
Promicromonosporaceae,1,-0.8597379083029877,-1.1045165192996254,-1.699160120921425,-1.0106766000605012,-0.3676151234587005,0.6323848765412996
Pseudanabaenaceae,24,-0.8597379083029877,-1.1045165192996254,-1.699160120921425,-1.0106766000605012,-0.3676151234587005,0.6323848765412996
Pseudohongiellaceae,9,-0.8597379083029877,-1.1045165192996254,-1.699160120921425,-1.0106766000605012,-0.3676151234587005,0.6323848765412996
Pseudonocardiaceae,16,-0.8597379083029877,-1.1045165192996254,-1.699160120921425,-1.0106766000605012,-0.3676151234587005,0.6323848765412996
Puniceicoccaceae,16,-0.8597379083029877,-1.1045165192996254,-1.699160120921425,-1.0106766000605012,-0.3676151234587005,0.6323848765412996
Pyrinomonadaceae,1,-0.8597379083029877,-1.1045165192996254,-1.699160120921425,-1.0106766000605012,-0.3676151234587005,0.6323848765412996
Parvularculaceae,14,-0.8597379083029877,-1.1045165192996254,-1.699160120921425,-1.0106766000605012,-0.3676151234587005,0.6323848765412996
Peptococcaceae,2,-0.8597379083029877,-1.1045165192996254,-1.699160120921425,-1.0106766000605012,-0.3676151234587005,0.6323848765412996
Peptostreptococcaceae,10,-0.8597379083029877,-1.1045165192996254,-1.699160120921425,-1.0106766000605012,-0.3676151234587005,0.6323848765412996
R7C24,17,-0.8597379083029877,-1.1045165192996254,-1.699160120921425,-1.0106766000605012,-0.3676151234587005,0.6323848765412996
RBG-16-55-12,3,-0.8597379083029877,-1.1045165192996254,-1.699160120921425,-1.0106766000605012,-0.3676151234587005,0.6323848765412996
RCP2-54,4,-0.8597379083029877,-1.1045165192996254,-1.699160120921425,-1.0106766000605012,-0.3676151234587005,0.6323848765412996
Raineyaceae,2,-0.8597379083029877,-1.1045165192996254,-1.699160120921425,-1.0106766000605012,-0.3676151234587005,0.6323848765412996
Reyranellaceae,7,-0.8597379083029877,-1.1045165192996254,-1.699160120921425,-1.0106766000605012,-0.3676151234587005,0.6323848765412996
Rhizobiaceae,67,-0.8597379083029877,-1.1045165192996254,-1.699160120921425,-1.0106766000605012,-0.3676151234587005,0.6323848765412996
Rhizobiales_Incertae_Sedis,59,-0.8597379083029877,-1.1045165192996254,-1.699160120921425,-1.0106766000605012,-0.3676151234587005,0.6323848765412996
Rhodanobacteraceae,41,-0.8597379083029877,-1.1045165192996254,-1.699160120921425,-1.0106766000605012,-0.3676151234587005,0.6323848765412996
Rhodomicrobiaceae,5,-0.8597379083029877,-1.1045165192996254,-1.699160120921425,-1.0106766000605012,-0.3676151234587005,0.6323848765412996
Rhodospirillaceae,4,-0.8597379083029877,-1.1045165192996254,-1.699160120921425,-1.0106766000605012,-0.3676151234587005,0.6323848765412996
Rhodothermaceae,5,-0.8597379083029877,-1.1045165192996254,-1.699160120921425,-1.0106766000605012,-0.3676151234587005,0.6323848765412996
Pla4_lineage,30,-0.8597379083029877,-1.1045165192996254,-1.699160120921425,-1.0106766000605012,-0.3676151234587005,0.6323848765412996
Planococcaceae,3,-0.8597379083029877,-1.1045165192996254,-1.699160120921425,-1.0106766000605012,-0.3676151234587005,0.6323848765412996
SM2D12,33,-0.8597379083029877,-1.1045165192996254,-1.699160120921425,-1.0106766000605012,-0.3676151234587005,0.6323848765412996
SR-FBR-L83,4,-0.8597379083029877,-1.1045165192996254,-1.699160120921425,-1.0106766000605012,-0.3676151234587005,0.6323848765412996
Rickettsiaceae,59,-0.8597379083029877,-1.1045165192996254,-1.699160120921425,-1.0106766000605012,-0.3676151234587005,0.6323848765412996
Rickettsiales,9,-0.8597379083029877,-1.1045165192996254,-1.699160120921425,-1.0106766000605012,-0.3676151234587005,0.6323848765412996
Rikenellaceae,1,-0.8597379083029877,-1.1045165192996254,-1.699160120921425,-1.0106766000605012,-0.3676151234587005,0.6323848765412996
Rokubacteriales,6,-0.8597379083029877,-1.1045165192996254,-1.699160120921425,-1.0106766000605012,-0.3676151234587005,0.6323848765412996
Roseiflexaceae,21,-0.8597379083029877,-1.1045165192996254,-1.699160120921425,-1.0106766000605012,-0.3676151234587005,0.6323848765412996
Rs-E47_termite_group,1,-0.8597379083029877,-1.1045165192996254,-1.699160120921425,-1.0106766000605012,-0.3676151234587005,0.6323848765412996
Rs-M47,3,-0.8597379083029877,-1.1045165192996254,-1.699160120921425,-1.0106766000605012,-0.3676151234587005,0.6323848765412996
Rubinisphaeraceae,64,-0.8597379083029877,-1.1045165192996254,-1.699160120921425,-1.0106766000605012,-0.3676151234587005,0.6323848765412996
Rubrobacteriaceae,1,-0.8597379083029877,-1.1045165192996254,-1.699160120921425,-1.0106766000605012,-0.3676151234587005,0.6323848765412996
Ruminococcaceae,2,-0.8597379083029877,-1.1045165192996254,-1.699160120921425,-1.0106766000605012,-0.3676151234587005,0.6323848765412996
S-70,3,-0.8597379083029877,-1.1045165192996254,-1.699160120921425,-1.0106766000605012,-0.3676151234587005,0.6323848765412996
S0134_terrestrial_group,3,-0.8597379083029877,-1.1045165192996254,-1.699160120921425,-1.0106766000605012,-0.3676151234587005,0.6323848765412996
S085,13,-0.8597379083029877,-1.1045165192996254,-1.699160120921425,-1.0106766000605012,-0.3676151234587005,0.6323848765412996
B122,1,-0.8597379083029877,-1.1045165192996254,-1.699160120921425,-1.0106766000605012,-0.3676151234587005,0.6323848765412996
BD7-11,8,-0.8597379083029877,-1.1045165192996254,-1.699160120921425,-1.0106766000605012,-0.3676151234587005,0.6323848765412996
BIrii41,30,-0.8597379083029877,-1.1045165192996254,-1.699160120921425,-1.0106766000605012,-0.3676151234587005,0.6323848765412996
BSV40,1,-0.8597379083029877,-1.1045165192996254,-1.699160120921425,-1.0106766000605012,-0.3676151234587005,0.6323848765412996
Babeliaceae,5,-0.8597379083029877,-1.1045165192996254,-1.699160120921425,-1.0106766000605012,-0.3676151234587005,0.6323848765412996
S32,1,-0.8597379083029877,-1.1045165192996254,-1.699160120921425,-1.0106766000605012,-0.3676151234587005,0.6323848765412996
SAR324_clade(Marine_group_B),27,-0.8597379083029877,-1.1045165192996254,-1.699160120921425,-1.0106766000605012,-0.3676151234587005,0.6323848765412996
SC-I-84,24,-0.8597379083029877,-1.1045165192996254,-1.699160120921425,-1.0106766000605012,-0.3676151234587005,0.6323848765412996
SCGC_AAA286-E23,1,-0.8597379083029877,-1.1045165192996254,-1.699160120921425,-1.0106766000605012,-0.3676151234587005,0.6323848765412996
SG8-5,1,-0.8597379083029877,-1.1045165192996254,-1.699160120921425,-1.0106766000605012,-0.3676151234587005,0.6323848765412996
SJA-28,10,-0.8597379083029877,-1.1045165192996254,-1.699160120921425,-1.0106766000605012,-0.3676151234587005,0.6323848765412996
SM1A07,20,-0.8597379083029877,-1.1045165192996254,-1.699160120921425,-1.0106766000605012,-0.3676151234587005,0.6323848765412996
SM23-30,2,-0.8597379083029877,-1.1045165192996254,-1.699160120921425,-1.0106766000605012,-0.3676151234587005,0.6323848765412996
Schekmanbacteria,1,-0.8597379083029877,-1.1045165192996254,-1.699160120921425,-1.0106766000605012,-0.3676151234587005,0.6323848765412996
Schlesneriaceae,30,-0.8597379083029877,-1.1045165192996254,-1.699160120921425,-1.0106766000605012,-0.3676151234587005,0.6323848765412996
Sericytochromatia,12,-0.8597379083029877,-1.1045165192996254,-1.699160120921425,-1.0106766000605012,-0.3676151234587005,0.6323848765412996
Shewanellaceae,4,-0.8597379083029877,-1.1045165192996254,-1.699160120921425,-1.0106766000605012,-0.3676151234587005,0.6323848765412996
Silvanigrellaceae,13,-0.8597379083029877,-1.1045165192996254,-1.699160120921425,-1.0106766000605012,-0.3676151234587005,0.6323848765412996
Anaplasmataceae,2,-0.8597379083029877,-1.1045165192996254,-1.699160120921425,-1.0106766000605012,-0.3676151234587005,0.6323848765412996
Arcobacteraceae,4,-0.8597379083029877,-1.1045165192996254,-1.699160120921425,-1.0106766000605012,-0.3676151234587005,0.6323848765412996
Ardenticatenaceae,6,-0.8597379083029877,-1.1045165192996254,-1.699160120921425,-1.0106766000605012,-0.3676151234587005,0.6323848765412996
Arenicellaceae,22,-0.8597379083029877,-1.1045165192996254,-1.699160120921425,-1.0106766000605012,-0.3676151234587005,0.6323848765412996
Armatimonadales,1,-0.8597379083029877,-1.1045165192996254,-1.699160120921425,-1.0106766000605012,-0.3676151234587005,0.6323848765412996
Azospirillaceae,16,-0.8597379083029877,-1.1045165192996254,-1.699160120921425,-1.0106766000605012,-0.3676151234587005,0.6323848765412996
Azospirillales_Incertae_Sedis,1,-0.8597379083029877,-1.1045165192996254,-1.699160120921425,-1.0106766000605012,-0.3676151234587005,0.6323848765412996
B1-7BS,5,-0.8597379083029877,-1.1045165192996254,-1.699160120921425,-1.0106766000605012,-0.3676151234587005,0.6323848765412996
Solimonadaceae,2,-0.8597379083029877,-1.1045165192996254,-1.699160120921425,-1.0106766000605012,-0.3676151234587005,0.6323848765412996
Sphingobacteriaceae,17,-0.8597379083029877,-1.1045165192996254,-1.699160120921425,-1.0106766000605012,-0.3676151234587005,0.6323848765412996
Spongiibacteraceae,9,-0.8597379083029877,-1.1045165192996254,-1.699160120921425,-1.0106766000605012,-0.3676151234587005,0.6323848765412996
Sporomusaceae,5,-0.8597379083029877,-1.1045165192996254,-1.699160120921425,-1.0106766000605012,-0.3676151234587005,0.6323848765412996
Stappiaceae,2,-0.8597379083029877,-1.1045165192996254,-1.699160120921425,-1.0106766000605012,-0.3676151234587005,0.6323848765412996
Steroidobacteraceae,37,-0.8597379083029877,-1.1045165192996254,-1.699160120921425,-1.0106766000605012,-0.3676151234587005,0.6323848765412996
Streptomycetaceae,4,-0.8597379083029877,-1.1045165192996254,-1.699160120921425,-1.0106766000605012,-0.3676151234587005,0.6323848765412996
SS1-B-02-17,2,-0.8597379083029877,-1.1045165192996254,-1.699160120921425,-1.0106766000605012,-0.3676151234587005,0.6323848765412996
ST-NAGAB-D1,1,-0.8597379083029877,-1.1045165192996254,-1.699160120921425,-1.0106766000605012,-0.3676151234587005,0.6323848765412996
SZB30,2,-0.8597379083029877,-1.1045165192996254,-1.699160120921425,-1.0106766000605012,-0.3676151234587005,0.6323848765412996
Saccharimonadaceae,1,-0.8597379083029877,-1.1045165192996254,-1.699160120921425,-1.0106766000605012,-0.3676151234587005,0.6323848765412996
Sandaracinaceae,34,-0.8597379083029877,-1.1045165192996254,-1.699160120921425,-1.0106766000605012,-0.3676151234587005,0.6323848765412996
Sanguibacteraceae,1,-0.8597379083029877,-1.1045165192996254,-1.699160120921425,-1.0106766000605012,-0.3676151234587005,0.6323848765412996
Tepidisphaeraceae,13,-0.8597379083029877,-1.1045165192996254,-1.699160120921425,-1.0106766000605012,-0.3676151234587005,0.6323848765412996
Thalassobaculaceae,1,-0.8597379083029877,-1.1045165192996254,-1.699160120921425,-1.0106766000605012,-0.3676151234587005,0.6323848765412996
Thermoactinomycetaceae,4,-0.8597379083029877,-1.1045165192996254,-1.699160120921425,-1.0106766000605012,-0.3676151234587005,0.6323848765412996
Subgroup_17,41,-0.8597379083029877,-1.1045165192996254,-1.699160120921425,-1.0106766000605012,-0.3676151234587005,0.6323848765412996
Subgroup_18,15,-0.8597379083029877,-1.1045165192996254,-1.699160120921425,-1.0106766000605012,-0.3676151234587005,0.6323848765412996
Subgroup_2,2,-0.8597379083029877,-1.1045165192996254,-1.699160120921425,-1.0106766000605012,-0.3676151234587005,0.6323848765412996
Subgroup_22,47,-0.8597379083029877,-1.1045165192996254,-1.699160120921425,-1.0106766000605012,-0.3676151234587005,0.6323848765412996
Subgroup_25,1,-0.8597379083029877,-1.1045165192996254,-1.699160120921425,-1.0106766000605012,-0.3676151234587005,0.6323848765412996
Subgroup_5,1,-0.8597379083029877,-1.1045165192996254,-1.699160120921425,-1.0106766000605012,-0.3676151234587005,0.6323848765412996
Subgroup_7,7,-0.8597379083029877,-1.1045165192996254,-1.699160120921425,-1.0106766000605012,-0.3676151234587005,0.6323848765412996
Subgroup_9,2,-0.8597379083029877,-1.1045165192996254,-1.699160120921425,-1.0106766000605012,-0.3676151234587005,0.6323848765412996
Sulfuricellaceae,2,-0.8597379083029877,-1.1045165192996254,-1.699160120921425,-1.0106766000605012,-0.3676151234587005,0.6323848765412996
Sumerlaeaceae,55,-0.8597379083029877,-1.1045165192996254,-1.699160120921425,-1.0106766000605012,-0.3676151234587005,0.6323848765412996
Sutterellaceae,10,-0.8597379083029877,-1.1045165192996254,-1.699160120921425,-1.0106766000605012,-0.3676151234587005,0.6323848765412996
Solibacteraceae,2,-0.8597379083029877,-1.1045165192996254,-1.699160120921425,-1.0106766000605012,-0.3676151234587005,0.6323848765412996
VHS-B3-70,1,-0.8597379083029877,-1.1045165192996254,-1.699160120921425,-1.0106766000605012,-0.3676151234587005,0.6323848765412996
Vampirovibrionales,2,-0.8597379083029877,-1.1045165192996254,-1.699160120921425,-1.0106766000605012,-0.3676151234587005,0.6323848765412996
Vermiphilaceae,14,-0.8597379083029877,-1.1045165192996254,-1.699160120921425,-1.0106766000605012,-0.3676151234587005,0.6323848765412996
Verrucomicrobiaceae,128,-0.8597379083029877,-1.1045165192996254,-1.699160120921425,-1.0106766000605012,-0.3676151234587005,0.6323848765412996
Vibrionaceae,1,-0.8597379083029877,-1.1045165192996254,-1.699160120921425,-1.0106766000605012,-0.3676151234587005,0.6323848765412996
Synechococcales_Incertae_Sedis,1,-0.8597379083029877,-1.1045165192996254,-1.699160120921425,-1.0106766000605012,-0.3676151234587005,0.6323848765412996
Syntrophobacteraceae,25,-0.8597379083029877,-1.1045165192996254,-1.699160120921425,-1.0106766000605012,-0.3676151234587005,0.6323848765412996
Syntrophobotulaceae,2,-0.8597379083029877,-1.1045165192996254,-1.699160120921425,-1.0106766000605012,-0.3676151234587005,0.6323848765412996
T34,13,-0.8597379083029877,-1.1045165192996254,-1.699160120921425,-1.0106766000605012,-0.3676151234587005,0.6323848765412996
TG3,2,-0.8597379083029877,-1.1045165192996254,-1.699160120921425,-1.0106766000605012,-0.3676151234587005,0.6323848765412996
TK10,6,-0.8597379083029877,-1.1045165192996254,-1.699160120921425,-1.0106766000605012,-0.3676151234587005,0.6323848765412996
Propionibacteriaceae,4,-0.8597379083029877,1.6680722029401558,-1.699160120921425,-1.0106766000605012,-0.3343646820484027,0.6656353179515972
Micrarchaeales,13,3.831609973926156,6.160913203954328,5.250696334079348,2.99665658517197,-0.3113743858634272,0.6886256141365728
Bdellovibrionaceae,139,-0.8597379083029877,7.425197952670283,4.900710378291412,2.6528850460691453,0.2942179817476554,0.7057820182523447
Bathyarchaeia,15,-0.8597379083029877,7.219819813407275,-1.699160120921425,5.517281317562049,0.2940788254184608,0.7059211745815392
Kapabacteriales,14,-0.8597379083029877,5.909398955510902,-1.699160120921425,-1.0106766000605012,-0.2916500762076656,0.7083499237923343
MBNT15,28,-0.8597379083029877,6.40646123271447,-1.699160120921425,-1.0106766000605012,-0.28956461955836976,0.7104353804416301
Spirosomaceae,53,-0.8597379083029877,6.596231275212173,-1.699160120921425,-1.0106766000605012,-0.28883499364237925,0.7111650063576207
S15A-MN91,2,-0.8597379083029877,7.335579621731645,3.6574261537505874,2.8605244108473897,0.28737057033221386,0.7126294296677862
Chthoniobacteraceae,115,-0.8597379083029877,-1.1045165192996254,6.839403096231004,-1.0106766000605012,0.24690870142518587,0.7530912985748142
Candidatus_Nomurabacteria,50,-0.8597379083029877,-1.1045165192996254,6.292770398931053,-1.0106766000605012,0.24605519560125935,0.7539448043987407
Aeromonadaceae,17,-0.8597379083029877,-1.1045165192996254,6.2209230781318094,-1.0106766000605012,0.24593332684714955,0.7540666731528505
Bacillaceae,16,-0.8597379083029877,-1.1045165192996254,5.857790451091475,-1.0106766000605012,0.24527797084613737,0.7547220291538626
SJA-15,31,-0.8597379083029877,-1.1045165192996254,5.8096270497128515,-1.0106766000605012,0.24518575381763327,0.7548142461823668
Chromobacteriaceae,8,-0.8597379083029877,-1.1045165192996254,5.632554848805041,-1.0106766000605012,0.24483510450958532,0.7551648954904147
Lineage_IV,7,-0.8597379083029877,-1.1045165192996254,5.597253147852495,-1.0106766000605012,0.24476292769286023,0.7552370723071398
Spiroplasmataceae,2,-0.8597379083029877,-1.1045165192996254,5.542922238335537,-1.0106766000605012,0.24465030908078245,0.7553496909192177
Opitutaceae,77,-0.8597379083029877,-1.1045165192996254,5.53933671997294,-1.0106766000605012,0.24464281051212353,0.7553571894878766
Crocinitomicaceae,42,-0.8597379083029877,-1.1045165192996254,5.477858644988475,-1.0106766000605012,0.2445129355133327,0.7554870644866674
Devosiaceae,24,-0.8597379083029877,-1.1045165192996254,5.457796243694212,-1.0106766000605012,0.2444700129091562,0.7555299870908438
Oscillatoriaceae,1,-0.8597379083029877,-1.1045165192996254,5.370714007537147,-1.0106766000605012,0.24428054259185683,0.7557194574081432
Pedosphaeraceae,56,-0.8597379083029877,-1.1045165192996254,5.347487156927331,-1.0106766000605012,0.24422912025163196,0.755770879748368
Babeliales,22,-0.8597379083029877,-1.1045165192996254,5.267807017692558,-1.0106766000605012,0.24404979208300934,0.7559502079169906
Candidatus_Shapirobacteria,1,-0.8597379083029877,-1.1045165192996254,5.263083343344782,-1.0106766000605012,0.24403901639433118,0.7559609836056689
Paracaedibacteraceae,43,-0.8597379083029877,-1.1045165192996254,5.169854329744282,-1.0106766000605012,0.24382293368153873,0.7561770663184613
Fusibacteraceae,16,-0.8597379083029877,-1.1045165192996254,4.989194593025337,-1.0106766000605012,0.24338487573321937,0.7566151242667807
Gracilibacteria,22,-0.8597379083029877,-1.1045165192996254,4.885631271464291,-1.0106766000605012,0.24312151453860167,0.7568784854613984
Candidatus_Komeilibacteria,6,-0.8597379083029877,-1.1045165192996254,4.824402185228087,-1.0106766000605012,0.2429613607689118,0.7570386392310882
WPS-2,9,-0.8597379083029877,-1.1045165192996254,4.773186173579476,-1.0106766000605012,0.24282476286201443,0.7571752371379856
Simkaniaceae,18,-0.8597379083029877,-1.1045165192996254,4.759178162423365,-1.0106766000605012,0.2427869749081546,0.7572130250918454
Desulfobacteraceae,14,-0.8597379083029877,-1.1045165192996254,4.722462146885093,-1.0106766000605012,0.24268704332935284,0.7573129566706471
Rhodocyclaceae,109,-0.8597379083029877,-1.1045165192996254,4.712658146788472,-1.0106766000605012,0.24266013991155838,0.7573398600884416
Microtrichaceae,20,-0.8597379083029877,-1.1045165192996254,4.701097324387396,-1.0106766000605012,0.24262829548759623,0.7573717045124038
Saprospiraceae,245,-0.8597379083029877,-1.1045165192996254,4.677566826977202,-1.0106766000605012,0.24256307586961184,0.7574369241303882
Smithellaceae,8,-0.8597379083029877,-1.1045165192996254,4.658682145586675,-1.0106766000605012,0.24251033684008688,0.7574896631599131
TA06,4,-0.8597379083029877,-1.1045165192996254,4.599789125934517,-1.0106766000605012,0.24234355964441273,0.7576564403555872
PB19,16,-0.8597379083029877,-1.1045165192996254,4.5924090186368955,-1.0106766000605012,0.24232241000239568,0.7576775899976043
BD2-11_terrestrial_group,4,-0.8597379083029877,-1.1045165192996254,4.58683797358744,-1.0106766000605012,0.24230640732282138,0.7576935926771786
Caulobacteraceae,53,-0.8597379083029877,-1.1045165192996254,4.525398308353935,-1.0106766000605012,0.24212776141845796,0.757872238581542
Bacteroidetes_vadinHA17,63,-0.8597379083029877,-1.1045165192996254,4.449308174996222,-1.0106766000605012,0.24190087570309327,0.7580991242969066
Yersiniaceae,8,-0.8597379083029877,-1.1045165192996254,4.304726946185114,-1.0106766000605012,0.24145164057879603,0.7585483594212039
Gemmatimonadaceae,60,-0.8597379083029877,-1.1045165192996254,4.238376084161001,-1.0106766000605012,0.24123708916123346,0.7587629108387666
MVP-15,8,-0.8597379083029877,-1.1045165192996254,3.9356294822478244,-1.0106766000605012,0.24018410407950228,0.7598158959204977
Syntrophorhabdaceae,3,-0.8597379083029877,-1.1045165192996254,3.8843361878602742,-1.0106766000605012,0.23999262389762274,0.7600073761023773
RF39,3,-0.8597379083029877,-1.1045165192996254,3.6140458581203623,-1.0106766000605012,0.23891246703954325,0.7610875329604567
GWF2-44-16,9,-0.8597379083029877,-1.1045165192996254,3.553113307125205,-1.0106766000605012,0.23865103977655422,0.7613489602234458
Prevotellaceae,1,-0.8597379083029877,-1.1045165192996254,3.3114751731748306,-1.0106766000605012,0.23754065236091698,0.7624593476390831
UCG-010,1,-0.8597379083029877,-1.1045165192996254,3.1291536163808766,-1.0106766000605012,0.23661571982963953,0.7633842801703605
KI89A_clade,11,-0.8597379083029877,-1.1045165192996254,3.0799633721901047,-1.0106766000605012,0.23635183266721504,0.7636481673327848
FW22,1,-0.8597379083029877,-1.1045165192996254,3.028227697790916,-1.0106766000605012,0.23606724721666933,0.7639327527833306
Calditrichaceae,17,-0.8597379083029877,-1.1045165192996254,1.2965721526325658,-1.0106766000605012,0.21899136107900435,0.7810086389209956
Victivallaceae,4,7.4847671752875335,-1.1045165192996254,3.981012488095643,3.801507755311916,-0.2180873848428356,0.7819126151571645
Sulfurimonadaceae,20,8.439071111660803,4.911640640398728,7.635960967952064,6.750642580887486,-0.19954322652874218,0.8004567734712578
RBG-13-46-9,3,7.219260350382166,-1.1045165192996254,-1.699160120921425,5.399498281905666,-0.17290529071254862,0.8270947092874514
Flavobacteriaceae,81,8.27523215664842,-1.1045165192996254,5.92350383040217,4.257181559002827,-0.1628240936467098,0.8371759063532902
Thermoanaerobaculaceae,56,-0.8597379083029877,4.178687209438364,-1.699160120921425,2.1673772302874443,0.15203270226158144,0.8479672977384185
Candidatus_Magasanikbacteria,20,-0.8597379083029877,5.093962197192683,2.7551871753320825,-1.0106766000605012,-0.121571773631199,0.878428226368801
Anaerolineaceae,311,4.847372356445888,8.387009871384636,7.8136524089791735,5.565792968987723,0.11926618917242282,0.8807338108275773
NKB15,5,-0.8597379083029877,6.670339247365895,3.7389191880017707,-1.0106766000605012,-0.11675946340480059,0.8832405365951994
KD3-93,7,-0.8597379083029877,7.756833591496372,4.42552326997278,-1.0106766000605012,-0.11416806645147415,0.8858319335485259
Melioribacteraceae,6,-0.8597379083029877,7.137713372072605,4.277190788376509,-1.0106766000605012,-0.10668490240451975,0.8933150975954802
Spirochaetaceae,121,-0.8597379083029877,6.786814238362263,4.464154683113216,-1.0106766000605012,-0.09175294934208139,0.9082470506579186
Burkholderiaceae,32,8.734775836313737,-1.1045165192996254,6.329621041565723,5.517281317562049,-0.06802003238928028,0.9319799676107197
Berkelbacteria,21,6.06389071983544,-1.1045165192996254,-1.699160120921425,5.9758898593459255,-0.025827542536686898,0.974172457463313
