class,Unique ASVs,GL_111724_10m_0_V,GL_111724_10m_200_V,GL_111724_10m_400_V,GL_111724_10m_600_V,GL_111724_10m_800_V,r_value,p_value
Gammaproteobacteria,1678,7.1224932930832825,7.062520509576922,6.811763239701586,6.72362785855503,6.573112965141883,-0.9847467150207476,0.002256226897652646
Syntrophobacteria,38,1.850042483742988,1.9720676738680503,2.1162040539858125,2.1800786039320736,2.2416821010367265,0.9830735360143231,0.0026368017655129957
Saccharimonadia,61,3.315663732892393,3.2366077095544377,2.9944467182224375,2.8140952612651966,2.4708679668068987,-0.9799573053286439,0.003395924600459073
Desulfobacteria,158,3.1218912569825816,3.391938330521545,3.517387027599454,3.534778599633747,3.76576016451967,0.9620441023456001,0.008826013681805179
Actinobacteria,270,6.316378204093114,6.349510648874274,6.494640919809138,6.856656605918809,6.849462513780624,0.9421984108092873,0.01653643331075373
RBG-16-55-12,3,-3.5205955443846744,-3.350942305270358,-2.894431240110443,-0.38966692579295614,0.06693037955256598,0.933082519988581,0.020570045648632414
Desulfuromonadia,80,4.972714706568231,5.238757576932628,4.424771218657407,2.729388563793034,2.4708679668068987,-0.9242007655230109,0.024764559644415967
Incertae_Sedis,2,-3.5205955443846744,-3.350942305270358,-2.894431240110443,-0.9650310706965177,-1.13704242477337,0.9192315715612314,0.027218460311785424
Fimbriimonadia,19,2.1798480290060125,2.0196957228573043,1.6905362385601292,1.1282037931156537,1.3478642250146304,-0.9150503991356113,0.029340202276341047
Leptospirae,18,0.43064817419675316,1.3495380605220584,-0.9485210910551298,-3.1622556480327373,-3.3342670021095895,-0.9075303368698746,0.03328245688114808
Polyangia,169,4.5003321745969025,4.65609170692305,3.9461152891782443,2.9061699402113734,3.108273164358609,-0.9033118488036633,0.03556253463337202
WOR-1,14,-3.5205955443846744,-3.350942305270358,-1.102671770882388,-0.9650310706965177,-0.8493603523215891,0.9027689637336509,0.03585945313380363
KD4-96,65,3.6700804899475328,3.5854004305636913,3.87521073674206,3.916085931524934,3.9902229772389424,0.8939431076727848,0.040795266355960216
Alphaproteobacteria,1454,7.893636022457933,8.088465782341473,8.827441483971237,8.876988796411563,8.841769027044045,0.8934309399194318,0.041087863088914524
Bacteroidia,1451,7.300641675261852,7.287577856699167,7.590545411442749,7.929014349430599,7.781235926395659,0.8876857270546619,0.0444151379501485
SJA-28,10,-0.9556461869231376,0.016353524716115952,-0.12184251787066191,0.20504018195373686,0.4034026161737789,0.8795677983631127,0.04925412556742683
Rhodothermia,14,3.0146457266289843,4.227203167149108,1.8060491256819735,1.256584959763861,-0.03843013610526036,-0.8766138853612371,0.05105374747118755
Anaerolineae,781,5.62541961703495,5.645090364054013,5.582356536670757,5.441298709031544,5.475297251244561,-0.8761153871632705,0.05135945321796298
Fibrobacteria,35,0.8488523080823471,1.0917089512199585,0.7944482140034932,0.3641048765834243,-0.28974456438616647,-0.8741605209895822,0.052563817104482866
Gemmatimonadetes,60,3.456685797246073,3.7540231429994844,3.30810427707748,3.0321497430719346,2.750232410965582,-0.8738269253541765,0.052770217534660165
Desulfovibrionia,11,-3.5205955443846744,-3.350942305270358,-2.894431240110443,-0.026761432103587612,-0.7693176446480527,0.8704710605989968,0.054860636285477785
Acidimicrobiia,166,5.282377912193748,5.237082066906471,5.103568077869287,5.093313005251009,5.115289540590837,-0.8675789869953059,0.056682511621787064
Desulfomonilia,18,-0.5761565652182341,0.016353524716115952,0.40140562589388606,0.44866226461148706,0.4034026161737789,0.8668079950679055,0.057171348674829786
Phycisphaerae,361,4.799609053194205,4.857004635778258,4.7703845451752915,4.458939514777107,4.494169357047996,-0.8615972141143844,0.06050943484708092
OM190,85,2.8595269925150903,2.7403675768073397,2.6585283448111743,2.2449161234273816,2.4464765136827396,-0.8537110257619165,0.06567260033676153
MVP-15,8,-3.5205955443846744,-3.350942305270358,-2.894431240110443,-3.1622556480327373,-1.947972640989699,0.8508507389541682,0.06757757629397228
Endomicrobia,4,-3.5205955443846744,-3.350942305270358,-2.894431240110443,-3.1622556480327373,-1.7248290896754892,0.8382627322528969,0.07615909507682435
Acidobacteriae,67,3.348418906281032,3.237984172263161,3.081919669187491,2.678386009340661,2.934829281596672,-0.8338766357816301,0.07922288281306633
Nitrososphaeria,8,-0.6302237864885099,0.23257663318575172,-0.3294818826489063,-3.1622556480327373,-3.3342670021095895,-0.8302866736323922,0.08175812241413768
MBNT15,28,1.5356502609636333,1.3495380605220584,0.7944482140034932,1.219770986641144,0.4034026161737789,-0.8274602443967848,0.0837713704036369
MB-A2-108,18,1.8593018091557854,2.202017279651259,2.1425213623031865,2.574316649446455,2.362826484395815,0.8213417690593507,0.08818065259253328
Bdellovibrionia,189,5.268455169136372,5.462347457198678,5.675923499420028,4.073363493034012,3.45132064289834,-0.8179640393537952,0.09064431926663018
Sumerlaeia,60,2.48821764105792,2.4721035902126607,2.0108435383279866,1.4020925434350988,1.8475165481824956,-0.8150333936790566,0.09279863391525395
Vampirivibrionia,37,1.428164345993494,1.802349289227421,1.2799560297851937,1.141809445171433,-0.1987727861804398,-0.8124239285658679,0.094729800375399
Brocadiae,1,-3.5205955443846744,-3.350942305270358,-2.894431240110443,-3.1622556480327373,-1.13704242477337,0.8117144755202338,0.09525693320655686
Omnitrophia,184,1.2067922743276664,1.2641782115709015,1.2327031449346486,1.268561150810576,1.4532247406724563,0.8081890336068902,0.09788954736590011
Caldisericia,1,-3.5205955443846744,-3.350942305270358,-2.894431240110443,-3.1622556480327373,-1.0316819091155436,0.8079022663345905,0.09810464883008309
BD7-11,8,0.6225391820068582,-0.13206648040215763,-0.9485210910551298,-3.1622556480327373,-1.5425075328815345,-0.8053310289922472,0.10003970622716629
Rubrobacteria,1,-3.5205955443846744,-3.350942305270358,-2.894431240110443,-3.1622556480327373,-0.8493603523215891,0.8018660047001338,0.10266547807105773
Brevinematia,2,-3.5205955443846744,-3.350942305270358,-2.894431240110443,-3.1622556480327373,-0.7693176446480527,0.7994203966469919,0.10453110797107479
WPS-2,9,1.49668429243025,1.031084329403523,1.2164426240628683,-0.38966692579295614,0.27665091053463486,-0.7923579872224177,0.10997524517116364
Deinococci,8,-3.5205955443846744,-2.252330016602248,-0.25537391049518465,-1.7759612869128467,-0.33853472855559863,0.7877519184397681,0.11357045148629287
Parcubacteria,279,2.403660253029858,2.498382474676501,2.4668609255989824,2.2670899809217038,2.191185937022194,-0.7874130808238904,0.11383629735497604
Gracilibacteria,93,1.5163570580289552,0.8975529367790012,0.8191408265938649,1.141809445171433,-0.5616782798698083,-0.7843936499275262,0.1162135097332955
SL56_marine_group,2,-0.11939816272251891,0.45572018449996143,-0.0040594822142785425,1.5198755790914826,1.0477596325642917,0.7700180679723134,0.1277303262288125
Oligoflexia,118,5.5738849414969724,5.951886086140975,6.168684412109215,4.133479424716544,3.9662058121582096,-0.7681145118653505,0.12927946786905567
LCP-89,22,-0.9556461869231376,-1.0483572122763123,-0.186381039008233,-3.1622556480327373,-3.3342670021095895,-0.7647935800226704,0.13199532083788618
Limnochordia,5,-3.5205955443846744,-0.8660356554823578,-0.3294818826489063,0.13358121797159184,-0.5616782798698083,0.7595673765437714,0.13630299219663458
Planctomycetes,990,6.8916054027311695,6.809780998747749,7.4995057444388475,8.0610525398512,7.497084058653309,0.7593082964527565,0.13651759963805776
Thermodesulfovibrionia,18,1.64419042953884,1.4530787394628986,1.449374181743241,1.9253406871996464,2.1081507084122038,0.7560503827318545,0.13922475814263127
Syntrophia,45,-0.02408798291819414,-1.741504392836258,-0.186381039008233,-1.216345498977424,-3.3342670021095895,-0.7179142346476979,0.1720351114942664
Lineage_IIb,12,0.8982450634119239,-0.517728961214142,-0.5918461471163972,-0.38966692579295614,-0.6262168010073794,-0.7151875537568977,0.17445675244836137
Brachyspirae,1,-0.3851013284555247,-3.350942305270358,-2.894431240110443,-3.1622556480327373,-3.3342670021095895,-0.7132357856843627,0.17619612459019035
P9X2b3D02,2,-0.47607310666125136,-3.350942305270358,-2.894431240110443,-3.1622556480327373,-3.3342670021095895,-0.7131807046887599,0.17624528328104164
CPR2,1,-0.9556461869231376,-3.350942305270358,-2.894431240110443,-3.1622556480327373,-3.3342670021095895,-0.7124058667154498,0.17693722695064665
Holophagae,20,1.5608088205997888,0.8537503141206075,0.40140562589388606,-0.21781666886629703,0.654717044454685,-0.7023074909941164,0.18602559045022096
WCHB1-81,13,-3.5205955443846744,-2.252330016602248,-2.894431240110443,-3.1622556480327373,0.13146890069013706,0.6938284279985429,0.19375569140506588
Margulisbacteria,15,0.3080458521044207,1.1923524769996456,-2.894431240110443,-0.16652337447874643,-3.3342670021095895,-0.6781034532661012,0.2083235891896595
Desulfotomaculia,7,-1.4411540027048386,-1.1537177279341386,-0.4965359673120724,-1.216345498977424,-0.44389524421342497,0.6765271233018015,0.20980015784115835
Latescibacteria,31,0.8361132823049173,1.6326643164379782,1.4622775865791486,1.6168678450787923,1.5560821261121642,0.6749489818121559,0.21128133485213327
Desulfobaccia,71,1.6667902614560806,1.9720676738680503,1.5942051296216966,1.931494552774025,2.222561059589948,0.6699048706605653,0.21603491593527216
Kapabacteria,14,1.64419042953884,2.125521246661153,-0.12184251787066191,0.9486182161405741,0.3033191576167962,-0.6592069548154577,0.22621290353573772
NB1-j,67,3.086054641813541,2.9607925038825567,2.835668542863131,3.0503504477187815,2.7570428799681084,-0.642510373209535,0.24235195766631124
Nitrospiria,21,2.561623365991772,2.3920608825391243,2.155424767139094,2.120948080705251,2.345905606907478,-0.6142019346630041,0.27038850954384225
WS2,6,-3.5205955443846744,-0.9530470324719875,-2.894431240110443,1.1004242290085782,-1.0316819091155436,0.6096937289392569,0.2749282753891925
Subgroup_22,47,2.0629007643970247,2.051735076601921,1.9575990238091738,2.041751039044058,2.3794658033997793,0.6067735104053265,0.2778795745425541
Chlamydiae,124,2.1898314729901953,2.8990329369891246,2.2054351877137557,2.5415268266234636,3.1804456887629406,0.5914724191596704,0.2934775679557253
Thermoplasmata,10,-0.3425417140367286,-0.7859929478088215,-0.5918461471163972,-0.4542054469305272,0.13146890069013706,0.5877596386531452,0.297295692750872
WS4,5,-3.5205955443846744,-3.350942305270358,0.3244445847577575,-3.1622556480327373,-0.07617046408810735,0.5860812924069096,0.2990258516127051
FCPU426,12,-1.035688894596674,-0.7118849756550998,-0.186381039008233,0.526623806081199,-0.5616782798698083,0.5778922274475632,0.3075047240388418
Vicinamibacteria,137,3.589283918687597,3.5201489893401874,3.410017562311538,3.619936407974054,3.787792879519553,0.5654744825096029,0.32047686618801613
TX1A-33,1,-0.22475867838034524,-3.350942305270358,0.15009119761297995,-3.1622556480327373,-3.3342670021095895,-0.5344887836433592,0.35342373096593893
Berkelbacteria,21,-1.2180104513906285,-3.350942305270358,-0.9485210910551298,-3.1622556480327373,-3.3342670021095895,-0.5281635863896571,0.36024636358332074
Desulfobulbia,66,2.345872512548622,2.3015468749982926,2.0891753815978933,2.15095033100905,2.2454628238766325,-0.5249859412917067,0.3636858999120694
Micrarchaeia,16,-1.911157631950574,-0.7118849756550998,-2.894431240110443,-1.3704961788046823,-3.3342670021095895,-0.5148705119443233,0.3746874932578004
Ignavibacteria,34,2.776513775549261,2.724403725818326,2.4526762906070254,2.9313141220123984,3.0322034456218487,0.5121661219271104,0.3776421449100094
Latescibacterota,79,2.2287974415235787,1.7965521715430945,1.6273573369385974,2.5314764907699625,2.443385321113067,0.4627280344116156,0.4325944326352326
Campylobacteria,55,0.4496963691674476,-0.7118849756550998,0.0500077390559972,0.09584088998874485,0.9142282399397699,0.45941326321448017,0.4363395452470576
Kiritimatiellae,102,0.910221254458639,0.14556525619612204,0.5395559643747032,-0.38966692579295614,0.47239548766073014,-0.45711978471527015,0.4389350147425005
SAR324_clade(Marine_group_B),27,0.9902639621321754,0.6193496082817638,0.6020763213560372,1.1282037931156537,1.1083842543807272,0.4529165470954411,0.44370062776140534
JG30-KF-CM66,4,-3.5205955443846744,-0.7118849756550998,-2.894431240110443,-3.1622556480327373,-0.15621317176164373,0.43936638973462605,0.459140869416522
Dadabacteriia,1,-3.5205955443846744,-1.9646479441504676,-2.894431240110443,-3.1622556480327373,-1.947972640989699,0.4321550473658137,0.4674050061091778
Thermoanaerobaculia,56,2.460818666869806,2.7105146136576588,2.1228485967044812,2.4022647592899564,2.3286934780263566,-0.4244884786260257,0.47622561191662044
Nanoarchaeia,266,2.526776634661603,2.694063008765654,2.825880536496969,2.712675082819293,2.183185894355118,-0.42199574103542026,0.4791011735424177
TA06,4,-3.5205955443846744,-3.350942305270358,-2.894431240110443,-1.3704961788046823,-3.3342670021095895,0.4215219013388837,0.479648200876627
BD2-11_terrestrial_group,4,-3.5205955443846744,-3.350942305270358,-2.894431240110443,-1.3704961788046823,-3.3342670021095895,0.4215219013388837,0.479648200876627
DG-56,1,-3.5205955443846744,-3.350942305270358,-2.894431240110443,-1.0828141063529015,-3.3342670021095895,0.4144898961579011,0.4877818661728557
CK-2C2-2,1,-3.5205955443846744,-3.350942305270358,-2.894431240110443,-0.9650310706965177,-3.3342670021095895,0.4119830775908917,0.4906883762081315
TSAC18,1,-3.5205955443846744,-3.350942305270358,-2.894431240110443,-0.5231983184174789,-3.3342670021095895,0.40409170727902977,0.49986145558624884
Ktedonobacteria,2,-3.5205955443846744,-3.350942305270358,-2.894431240110443,-0.4542054469305272,-3.3342670021095895,0.40303954356373684,0.5010871751139825
Subgroup_25,1,-3.5205955443846744,-3.350942305270358,-2.894431240110443,-0.16652337447874643,-3.3342670021095895,0.3990717523180308,0.505715027080761
Desulfitobacteriia,5,-0.7480068221448932,-3.350942305270358,-2.894431240110443,-1.0828141063529015,-0.15621317176164373,0.3906184773756488,0.5156035076165518
Marinimicrobia_(SAR406_clade),8,-3.5205955443846744,-3.350942305270358,-2.894431240110443,-3.1622556480327373,-3.3342670021095895,0.37455455665960874,0.5345003602181354
NKB15,5,-3.5205955443846744,-3.350942305270358,-2.894431240110443,-3.1622556480327373,-3.3342670021095895,0.37455455665960874,0.5345003602181354
JS1,2,-3.5205955443846744,-3.350942305270358,-2.894431240110443,-3.1622556480327373,-3.3342670021095895,0.37455455665960874,0.5345003602181354
Microgenomatia,1,-3.5205955443846744,-3.350942305270358,-2.894431240110443,-3.1622556480327373,-3.3342670021095895,0.37455455665960874,0.5345003602181354
Fermentibacteria,4,-3.5205955443846744,-3.350942305270358,-2.894431240110443,-3.1622556480327373,-3.3342670021095895,0.37455455665960874,0.5345003602181354
Defferrisomatia,1,-3.5205955443846744,-3.350942305270358,-2.894431240110443,-3.1622556480327373,-3.3342670021095895,0.37455455665960874,0.5345003602181354
Hadarchaeia,1,-3.5205955443846744,-3.350942305270358,-2.894431240110443,-3.1622556480327373,-3.3342670021095895,0.37455455665960874,0.5345003602181354
Kazania,1,-3.5205955443846744,-3.350942305270358,-2.894431240110443,-3.1622556480327373,-3.3342670021095895,0.37455455665960874,0.5345003602181354
Acetothermiia,2,-3.5205955443846744,-3.350942305270358,-2.894431240110443,-3.1622556480327373,-3.3342670021095895,0.37455455665960874,0.5345003602181354
Altiarchaeia,1,-3.5205955443846744,-3.350942305270358,-2.894431240110443,-3.1622556480327373,-3.3342670021095895,0.37455455665960874,0.5345003602181354
Chlorobia,59,-3.5205955443846744,-3.350942305270358,-2.894431240110443,-3.1622556480327373,-3.3342670021095895,0.37455455665960874,0.5345003602181354
Armatimonadia,1,-3.5205955443846744,-3.350942305270358,-2.894431240110443,-3.1622556480327373,-3.3342670021095895,0.37455455665960874,0.5345003602181354
Rs-M47,3,-3.5205955443846744,-3.350942305270358,-2.894431240110443,-3.1622556480327373,-3.3342670021095895,0.37455455665960874,0.5345003602181354
V2072-189E03,1,-3.5205955443846744,-3.350942305270358,-2.894431240110443,-3.1622556480327373,-3.3342670021095895,0.37455455665960874,0.5345003602181354
Schekmanbacteria,1,-3.5205955443846744,-3.350942305270358,-2.894431240110443,-3.1622556480327373,-3.3342670021095895,0.37455455665960874,0.5345003602181354
Pla4_lineage,30,1.5792708834395244,0.49920529643970024,0.7431549196159426,-0.27188389013657277,1.1543693676225502,-0.3663114876099787,0.5442490731552384
Blastocatellia,20,2.322948872646686,2.432882877059379,2.5945064860462437,0.9648787370123544,2.296944779711776,-0.36546515937772595,0.5452519310581613
Clostridia,198,3.200830156405969,2.799660463175921,3.2013933223217816,3.2093561991991195,3.202424595481715,0.3614061030569525,0.5500666759681166
Pla3_lineage,4,0.005764980231487193,-0.40650332610391793,-0.186381039008233,-3.1622556480327373,-0.11539117724138892,-0.3526913150323165,0.5604312604481866
na,207,3.326347595200705,3.2489281939424783,3.694495237423076,3.403009322002624,3.4353749747429134,0.3486966771756323,0.5651943675900636
Methanosarcinia,6,-1.035688894596674,-3.350942305270358,-2.894431240110443,-1.552817735598637,-0.6952096724943311,0.3369536615850225,0.5792398528774461
Syntrophorhabdia,3,-3.5205955443846744,-3.350942305270358,-0.6972066627742235,-0.7643603752343666,-3.3342670021095895,0.31937091920272137,0.6003867896302414
RCP2-54,4,-3.5205955443846744,-1.405032156215045,-2.894431240110443,-3.1622556480327373,-1.7248290896754892,0.3133381122081731,0.6076734855309125
Cyanobacteriia,760,8.917029201318202,8.953798512056517,9.285923517414101,8.807157516129706,8.799702583164073,-0.3044006083547264,0.618496614120808
Entotheonellia,3,-3.5205955443846744,-0.2598998519120421,-2.894431240110443,-3.1622556480327373,-0.6262168010073794,0.2987388899911292,0.6253697182343034
Lineage_IIc,1,-3.5205955443846744,-0.7118849756550998,-2.894431240110443,-3.1622556480327373,-3.3342670021095895,-0.28602505829416136,0.640849968194711
Iainarchaeia,8,-3.5205955443846744,-0.8660356554823578,-2.894431240110443,-3.1622556480327373,-3.3342670021095895,-0.2813245875175504,0.6465889338050919
Bacilli,88,2.512490677414127,1.2542278807177336,1.1999133221116574,1.9066485541874942,1.7219788032387182,-0.2737929223787719,0.655801733396065
Verrucomicrobiae,701,7.09333868578946,7.086139683084461,7.469419875181288,7.227354915629011,6.818148800714475,-0.2728925296461929,0.6569044897047657
Subgroup_5,1,-3.5205955443846744,-1.1537177279341386,-2.894431240110443,-3.1622556480327373,-3.3342670021095895,-0.2706158277767909,0.6596941849404491
S0134_terrestrial_group,3,-1.7288360751566194,-3.350942305270358,-2.894431240110443,-3.1622556480327373,-0.9363717293112188,0.2698034273294641,0.6606900879013267
Methanomicrobia,2,-3.5205955443846744,-1.405032156215045,-2.894431240110443,-3.1622556480327373,-3.3342670021095895,-0.2584146649762513,0.6746757470236985
Gitt-GS-136,3,-0.26249900636319223,-3.350942305270358,-0.8149896984306073,0.09584088998874485,-3.3342670021095895,-0.25332724717292776,0.6809376109235755
Deep_Sea_Euryarchaeotic_Group(DSEG),1,-3.5205955443846744,-1.5591828360423032,-2.894431240110443,-3.1622556480327373,-3.3342670021095895,-0.24908246964076264,0.6861689202563936
Babeliae,57,0.6382875389749971,1.3764455134419826,1.824067631184651,1.582676480330513,-0.03843013610526036,-0.23714829487111544,0.7009079929465643
Thermoanaerobacteria,1,-3.5205955443846744,-1.741504392836258,-2.894431240110443,-3.1622556480327373,-3.3342670021095895,-0.23554386888444157,0.7028929361045233
Myxococcia,33,1.4352315132165865,1.9523626027887175,-1.102671770882388,0.056620176835463276,1.4615235434871519,-0.23159041195843313,0.7077874015615098
Dehalococcoidia,83,1.1979033269104198,0.20440575621905532,1.3396752644868166,0.9152817958729824,1.1655426682206755,0.22622470771139375,0.7144378219675876
Methanobacteria,1,-3.5205955443846744,-1.9646479441504676,-2.894431240110443,-3.1622556480327373,-3.3342670021095895,-0.21377845805093212,0.7298965084399693
Moduliflexia,2,-3.5205955443846744,-1.9646479441504676,-2.894431240110443,-3.1622556480327373,-3.3342670021095895,-0.21377845805093212,0.7298965084399693
Zixibacteria,52,1.9218221661371189,1.0798744935729552,0.6020763213560372,1.855024188782187,1.9335911569537387,0.20814170394069037,0.7369119171934606
Hydrogenedentia,34,1.064371934285898,0.43324732864790283,0.7944482140034932,0.9648787370123544,0.9561924390388015,0.20063296115299525,0.7462705017667376
Elusimicrobia,12,-1.911157631950574,-2.252330016602248,-1.7958189514423333,-0.5973062905712005,-3.3342670021095895,-0.19176216560259562,0.7573455917690396
Thermoleophilia,131,3.9341244049793263,3.7482594382827337,3.7441365490560776,3.850760141606893,3.83508301456101,-0.1908991290557434,0.7584241434015327
Aminicenantia,40,1.6152028926655877,2.069592694001928,1.3396752644868166,2.203720366989114,1.3004619861200464,-0.18901362512952363,0.7607811305501109
AT-s3-28,2,-0.15329971439820023,-1.5591828360423032,-0.9485210910551298,-3.1622556480327373,-0.07617046408810735,-0.18111236423434696,0.7706675275827608
Bathyarchaeia,15,-0.22475867838034524,0.08304489921478808,-0.5918461471163972,-0.5973062905712005,0.35461245200434677,0.18086582826642855,0.7709762429100262
Sericytochromatia,12,0.19297652231963358,2.0426852410820038,2.0182236456256093,1.114410470983318,0.13146890069013706,-0.17788498622015939,0.7747100098690023
OLB14,8,1.1798848214077422,1.213405886197478,-2.894431240110443,1.0424369713582284,0.3033191576167962,-0.17364410774670236,0.7800255992535984
Methylomirabilia,13,1.064371934285898,1.3495380605220584,1.325076465065664,0.3930924134566762,1.3196933480479336,-0.17330331987964293,0.7804529251955818
Coriobacteriia,5,-0.5248632708306835,-3.350942305270358,-2.894431240110443,-0.07121319467442122,-1.3883568530542763,0.17075795064391222,0.7836454729391956
Kryptonia,49,2.0008653734775717,1.802349289227421,1.824067631184651,1.3810391342372665,2.07737904974545,-0.15701943040815636,0.8009012389364016
Spirochaetia,121,2.1070255693059625,2.3461511812350464,1.8846922530010866,2.4398631728469637,2.1587944412309588,0.14391663601056884,0.8173941734017285
Chitinivibrionia,32,-1.2180104513906285,-3.350942305270358,-2.894431240110443,-0.3290423039765211,-3.3342670021095895,-0.1392794267432789,0.8232389560641948
Calditrichia,17,0.933751751868833,-0.7118849756550998,0.7691304060192032,0.20504018195373686,0.19209352250657208,-0.13885668404474832,0.8237719784858742
Fusobacteriia,19,0.7834695488194958,-3.350942305270358,-0.9485210910551298,-3.1622556480327373,-0.11539117724138892,-0.13835665988238985,0.824402483752919
Subgroup_18,15,0.8101377959016567,0.25997560737386616,0.40140562589388606,0.44866226461148706,0.6360249114425325,-0.11760595632535015,0.8506053463611621
Chloroflexia,79,3.293947352875284,2.8656637958145064,3.013651698058488,3.163893825122362,3.202424595481715,0.10776447067104176,0.8630560530472401
ABY1,117,0.8488523080823471,0.36262976143394976,0.24106297581870662,0.13358121797159184,1.0845736056870088,0.09310610303140904,0.8816251259072662
Cloacimonadia,3,-3.5205955443846744,-3.350942305270358,-0.9485210910551298,-3.1622556480327373,-3.3342670021095895,0.08234250722897873,0.8952768605748326
Thermococci,6,-3.5205955443846744,-3.350942305270358,-0.6972066627742235,-3.1622556480327373,-3.3342670021095895,0.07461172896043164,0.9050896113823936
Lineage_IIa,2,-3.5205955443846744,-3.350942305270358,-0.5918461471163972,-3.1622556480327373,-3.3342670021095895,0.07178398114492332,0.9086803522206215
Negativicutes,5,-0.26249900636319223,-3.350942305270358,-2.894431240110443,-3.1622556480327373,-0.6262168010073794,-0.05722145504697118,0.9271831591869469
TK10,6,0.32955205732538406,-0.8660356554823578,-2.894431240110443,-0.16652337447874643,0.19209352250657208,0.0508152643991632,0.935327851314881
Lentisphaeria,43,-0.3425417140367286,-0.4605705473741937,-2.894431240110443,-0.5973062905712005,-0.15621317176164373,0.032951780707828754,0.9580520836581317
WWE3,5,-0.3851013284555247,-0.6428921041681481,-2.894431240110443,-1.3704961788046823,-0.03843013610526036,-0.0047814874733128065,0.9939120442642632
Sva0485,48,1.392059341351378,0.9928631165833259,-0.3294818826489063,1.2071922044342842,1.2808535147316702,-0.0018066798703504638,0.9976996649958121
