phylum,Unique ASVs,GL_111724_35m_0_V,GL_111724_35m_200_V,GL_111724_35m_400_V,GL_111724_35m_600_V,r_value,p_value
WOR-1,14,6.5906543623264655,5.53403531372088,4.715264142259045,4.024217669540706,-0.9953444211689031,0.004655578831096907
Chloroflexi,1034,7.654702135848006,6.874352341478733,6.444346500481707,5.610796039196233,-0.9933034652349726,0.0066965347650274065
Fibrobacterota,67,7.135602829530581,5.1907126098336445,4.5317223290598605,2.8206498054916134,-0.9848448382837953,0.01515516171620468
Verrucomicrobiota,1154,8.37391669267226,7.738108229804174,6.899789865688302,6.698240614498275,-0.9768852320016934,0.023114767998306585
Planctomycetota,1509,6.733256796659222,6.395838867994046,6.0061101661654615,5.14604957625183,-0.9721791154715251,0.027820884528474865
Proteobacteria,3133,7.713275604355327,7.172717689334618,6.853265765728436,5.811511939549561,-0.9716880837869055,0.02831191621309448
Desulfobacterota,520,8.646113762617379,7.416717271068805,7.21210388184552,6.051758198795449,-0.9704389295529292,0.029561070447070792
Actinobacteriota,607,7.473425049482029,7.280904925596591,6.23451212813689,6.004758144748266,-0.9560287644705242,0.043971235529475905
Firmicutes,318,8.4050161037391,6.505674590394557,6.160522852439577,5.553754622051262,-0.933673166934716,0.06632683306528397
Bacteroidota,1635,9.781958847584097,8.999097888740087,8.8564976237922,6.670883543555574,-0.9167920236329189,0.08320797636708122
Caldatribacteriota,2,-2.649438967799065,-3.445507288004233,2.2295950067307095,3.3957608819388074,0.8956430491743792,0.1043569508256208
Patescibacteria,582,7.758996971330178,7.834653490607732,7.3220949703212455,6.122615698829364,-0.8849538241968138,0.11504617580318621
Nanoarchaeota,266,6.840500900435543,6.715525242563437,5.765867211740794,5.9277568613537355,-0.8750734848416811,0.12492651515831898
Acidobacteriota,410,5.742417732305875,6.250956095097569,4.826078508599336,4.110317330922432,-0.8567609370560298,0.14323906294397015
Sva0485,48,-2.649438967799065,4.351783985543239,4.435931264418185,5.0466948213633245,0.8210376611593116,0.17896233884068824
Marinimicrobia_(SAR406_clade),8,3.4990293281185822,4.408873922648132,3.278157757315156,-2.688738531136364,-0.783313089819894,0.2166869101801061
Dependentiae,57,-2.649438967799065,-3.445507288004233,3.5515033903789495,1.7998978385957756,0.77333861664076,0.2266613833592399
na,106,5.619549241707591,6.036004604296741,4.109985440783959,4.417047598344907,-0.7702150689302213,0.2297849310697786
Cyanobacteria,809,9.778348208481628,6.896976855848852,8.129893521177818,6.444936755904333,-0.7588712350996201,0.24112876490037993
Fusobacteriota,19,-2.649438967799065,4.041106025135722,3.4199746977141445,3.169194623347095,0.6970258877117357,0.3029741122882643
Euryarchaeota,7,-2.649438967799065,-3.445507288004233,-3.8503381883648804,3.2487976739460622,0.6723955781813458,0.32760442181865423
Fermentibacterota,4,-2.649438967799065,-3.445507288004233,2.293847445760765,-0.4915139538001445,0.6139229872068797,0.38607701279312034
Hadarchaeota,1,-2.649438967799065,-3.445507288004233,-3.8503381883648804,-0.3861534381423182,0.5328032520787936,0.46719674792120625
Campilobacterota,55,8.205938093851081,5.889172358227556,7.032208301097745,6.562935704332796,-0.5009106544602102,0.4990893455397898
Bdellovibrionota,307,-2.649438967799065,5.084207183965676,4.060252423891598,1.811071139193901,0.4645145280785588,0.5354854719214412
Altiarchaeota,1,1.827897846679142,-3.445507288004233,-3.8503381883648804,-0.4915139538001445,-0.3559020415584623,0.6440979584415376
Micrarchaeota,16,2.0419089144300786,3.81992243524972,3.0995182666358922,1.318594654096107,-0.3365608480588516,0.6634391519411484
Crenarchaeota,23,-2.649438967799065,4.878829044702668,-3.8503381883648804,3.839219386486186,0.3121454511889771,0.687854548811023
Calditrichota,17,-2.649438967799065,-3.445507288004233,-0.8546059148108895,-2.688738531136364,0.29037729914393356,0.7096227008560665
MBNT15,28,-2.649438967799065,4.065470464009862,-3.8503381883648804,-2.688738531136364,-0.28750326360146544,0.7124967363985346
TA06,4,-2.649438967799065,-3.445507288004233,2.448611058491062,-2.688738531136364,0.27485392431049394,0.7251460756895061
WPS-2,9,-2.649438967799065,-3.445507288004233,2.6220081061360205,-2.688738531136364,0.274413613201572,0.725586386798428
Gemmatimonadota,67,-2.649438967799065,-3.445507288004233,2.9685858769106406,-2.688738531136364,0.2735975337856086,0.7264024662143913
Elusimicrobiota,36,-2.649438967799065,-3.445507288004233,3.4460750804090394,-2.688738531136364,0.2725954195347893,0.7274045804652107
Dadabacteria,1,-2.649438967799065,-3.445507288004233,-3.8503381883648804,-2.688738531136364,-0.1145702129703347,0.8854297870296652
FCPU426,12,-2.649438967799065,-3.445507288004233,-3.8503381883648804,-2.688738531136364,-0.1145702129703347,0.8854297870296652
Deinococcota,8,-2.649438967799065,-3.445507288004233,-3.8503381883648804,-2.688738531136364,-0.1145702129703347,0.8854297870296652
CK-2C2-2,1,-2.649438967799065,-3.445507288004233,-3.8503381883648804,-2.688738531136364,-0.1145702129703347,0.8854297870296652
Caldisericota,1,-2.649438967799065,-3.445507288004233,-3.8503381883648804,-2.688738531136364,-0.1145702129703347,0.8854297870296652
Deferrisomatota,1,-2.649438967799065,-3.445507288004233,-3.8503381883648804,-2.688738531136364,-0.1145702129703347,0.8854297870296652
Armatimonadota,21,-2.649438967799065,-3.445507288004233,-3.8503381883648804,-2.688738531136364,-0.1145702129703347,0.8854297870296652
Aenigmarchaeota,1,-2.649438967799065,-3.445507288004233,-3.8503381883648804,-2.688738531136364,-0.1145702129703347,0.8854297870296652
Acetothermia,2,-2.649438967799065,-3.445507288004233,-3.8503381883648804,-2.688738531136364,-0.1145702129703347,0.8854297870296652
Entotheonellaeota,3,-2.649438967799065,-3.445507288004233,-3.8503381883648804,-2.688738531136364,-0.1145702129703347,0.8854297870296652
LCP-89,22,-2.649438967799065,-3.445507288004233,-3.8503381883648804,-2.688738531136364,-0.1145702129703347,0.8854297870296652
Iainarchaeota,8,-2.649438967799065,-3.445507288004233,-3.8503381883648804,-2.688738531136364,-0.1145702129703347,0.8854297870296652
Halobacterota,8,-2.649438967799065,-3.445507288004233,-3.8503381883648804,-2.688738531136364,-0.1145702129703347,0.8854297870296652
Cloacimonadota,3,-2.649438967799065,-3.445507288004233,-3.8503381883648804,-2.688738531136364,-0.1145702129703347,0.8854297870296652
Nitrospirota,41,-2.649438967799065,-3.445507288004233,-3.8503381883648804,-2.688738531136364,-0.1145702129703347,0.8854297870296652
Nitrospinota,2,-2.649438967799065,-3.445507288004233,-3.8503381883648804,-2.688738531136364,-0.1145702129703347,0.8854297870296652
NB1-j,67,-2.649438967799065,-3.445507288004233,-3.8503381883648804,-2.688738531136364,-0.1145702129703347,0.8854297870296652
Myxococcota,220,-2.649438967799065,-3.445507288004233,-3.8503381883648804,-2.688738531136364,-0.1145702129703347,0.8854297870296652
Methylomirabilota,13,-2.649438967799065,-3.445507288004233,-3.8503381883648804,-2.688738531136364,-0.1145702129703347,0.8854297870296652
Modulibacteria,2,-2.649438967799065,-3.445507288004233,-3.8503381883648804,-2.688738531136364,-0.1145702129703347,0.8854297870296652
Latescibacterota,110,-2.649438967799065,-3.445507288004233,-3.8503381883648804,-2.688738531136364,-0.1145702129703347,0.8854297870296652
Margulisbacteria,15,-2.649438967799065,-3.445507288004233,-3.8503381883648804,-2.688738531136364,-0.1145702129703347,0.8854297870296652
TX1A-33,1,-2.649438967799065,-3.445507288004233,-3.8503381883648804,-2.688738531136364,-0.1145702129703347,0.8854297870296652
Schekmanbacteria,1,-2.649438967799065,-3.445507288004233,-3.8503381883648804,-2.688738531136364,-0.1145702129703347,0.8854297870296652
SAR324_clade(Marine_group_B),27,-2.649438967799065,-3.445507288004233,-3.8503381883648804,-2.688738531136364,-0.1145702129703347,0.8854297870296652
RCP2-54,4,-2.649438967799065,-3.445507288004233,-3.8503381883648804,-2.688738531136364,-0.1145702129703347,0.8854297870296652
Thermoplasmatota,10,-2.649438967799065,-3.445507288004233,-3.8503381883648804,-2.688738531136364,-0.1145702129703347,0.8854297870296652
Sumerlaeota,60,-2.649438967799065,-3.445507288004233,-3.8503381883648804,-2.688738531136364,-0.1145702129703347,0.8854297870296652
WS2,6,-2.649438967799065,-3.445507288004233,-3.8503381883648804,-2.688738531136364,-0.1145702129703347,0.8854297870296652
Hydrogenedentes,34,-2.649438967799065,-3.445507288004233,-3.8503381883648804,-2.688738531136364,-0.1145702129703347,0.8854297870296652
WS4,5,-2.649438967799065,-3.445507288004233,-3.8503381883648804,-2.688738531136364,-0.1145702129703347,0.8854297870296652
Zixibacteria,52,-2.649438967799065,-3.445507288004233,-3.8503381883648804,-2.688738531136364,-0.1145702129703347,0.8854297870296652
NKB15,5,-2.649438967799065,4.329348478661287,1.5877411205583152,-2.688738531136364,-0.10742246692516591,0.892577533074834
Spirochaetota,151,-2.649438967799065,4.445823469657656,2.775054179643076,-2.688738531136364,-0.0625936824782643,0.9374063175217358
