family,Unique ASVs,GL_111724_10m_0_V,GL_111724_10m_200_V,GL_111724_10m_400_V,GL_111724_10m_600_V,GL_111724_10m_800_V,GL_111724_10m_Cnt_V,r_value,p_value
Microtrichaceae,20,4.337599662811477,4.142839570432822,4.039594234919701,3.8064797491072855,3.678782588332508,4.309190690774951,-0.9945618432979126,0.0004810130432140165
Sphingomonadaceae,121,5.597753295535357,5.812681552054292,6.176691414283326,6.642556311465922,6.926125435873256,5.254091956690372,0.993536768177129,0.0006231419198099122
Desulfosarcinaceae,99,3.2237972086493922,3.5151473613571627,3.6207777936366723,3.796086188580022,4.034015570954339,3.2158415721511164,0.9901213104381755,0.0011768965193105644
Frankiales,8,2.072816934463967,2.472929836243704,2.5959854172038295,3.0571294719887825,3.464247411554898,2.2836774911206716,0.9877377998811497,0.001626994302129179
Reyranellaceae,7,2.5374297150748255,2.348632119566127,1.6038566089381696,1.138956077905069,0.3551864526939039,3.926550179641009,-0.9851802733087803,0.002160858712420412
Acidobacteriae,12,3.4986421343404928,2.9110451121226113,2.7707881415837567,2.1090900418000476,1.4537987413620135,3.495618465095784,-0.9832425365566628,0.002597476398957808
Micavibrionaceae,11,4.4653213586274605,4.142839570432822,1.9785500583795805,1.2008314816231564,-0.5611042791802507,0.5688790630287444,-0.9804404543237468,0.0032741132559922234
Microscillaceae,122,6.1240407150247105,6.391769383014955,6.5035039105108705,6.9269623599431185,7.009390517940406,6.2308745715564715,0.98028113302012,0.003314118580039013
Cytophagaceae,15,2.94289482318299,3.3796511171017087,4.050148422598391,5.66190032363699,6.158029640859403,3.8667714282151695,0.9763923597341833,0.004338791970359054
Pleomorphomonadaceae,14,2.407751891766293,2.899809038855685,3.188753412456153,3.321894697993812,3.588359582262929,1.9551734241486352,0.9760577629452516,0.004431136010940597
Blfdi19,25,2.722000991602796,2.3583882945114922,1.7580072887654286,0.6561043061814846,0.6328181892921836,3.3239542027758175,-0.9691142383574736,0.006485582975971192
PeM15,18,3.71087365220372,3.9057442129984876,3.9850848292513286,4.540862428047825,4.703656303838943,3.1252446767988897,0.9652450018540533,0.00773717898138372
AKYH767,11,2.828484472005246,2.7735153135313935,2.3341827927398695,2.201463361931063,2.106123927401704,3.7446153952363272,-0.9599984123258547,0.00954611241362391
Rhizobiales_Incertae_Sedis,59,4.4379223844393465,4.722625465317377,5.570712092991711,5.751967779118761,5.931741432865722,4.6613700566015215,0.959762147297841,0.009630465915466171
Halieaceae,21,3.735642720316129,3.650585332252267,3.2721350213952034,3.1029390080200767,2.4445783252269084,3.8460237960209214,-0.9582569685197557,0.010173530429728678
Chitinophagaceae,83,3.965086465216099,4.52438601250547,4.851408233783037,5.4476109668890125,5.357789575092895,4.146206031236934,0.9569470943335414,0.0106540044641961
Nocardioidaceae,32,1.60066045185713,1.6652411139515468,2.8737873810559034,3.4134918670892156,3.5915091911658257,0.7230297428560029,0.956575591606645,0.010791591274969042
A0839,16,3.6394146882215743,3.5787312284842834,2.7707881415837567,2.5410819042416404,1.3989905048670188,3.9168319301720875,-0.9547701254495891,0.011468413463869984
BIrii41,30,4.056410517353675,4.138756265453452,3.073684082671366,2.272415097903347,2.092137685426964,3.9246140706141426,-0.9537629733147321,0.011851777865456744
Saccharimonadales,54,3.6201506364063007,3.5971845555251516,3.234284797264106,3.249813815818284,2.879313815635186,3.273218684734419,-0.9466308882357328,0.014681190219044795
PB19,16,5.299831592007614,5.504797816126873,4.478960894703547,2.650100641904436,1.3989905048670188,3.809733794615721,-0.9462791170454836,0.014825784732962628
NS11-12_marine_group,29,3.3720999185942278,3.1530049352362974,2.7707881415837567,2.752640281220621,1.94033167255896,2.8084060200556533,-0.9445667787689973,0.015536191403719734
NS9_marine_group,30,2.8259560256518874,3.1959299799533314,3.7113111868456796,3.5748065707038754,4.020797279868486,5.1839995798700045,0.9427506368391825,0.016301397343196033
SM1A07,20,2.226967614291225,2.0739372426411578,1.5885891368073812,0.754544378994737,0.8975107435192657,2.2323841967331206,-0.9418686786619723,0.016677293409838444
GW2011_GWC1_47_15,24,0.4024183222401789,-0.26143767317587896,-0.388573555752036,-2.7111915238049895,-2.8636893721742966,-2.32149269486742,-0.9388713115919376,0.017975406718818813
KD4-96,65,4.037746295082973,3.9668548615559605,4.183843843764247,4.367150055752681,4.460800607174235,3.3586799141496475,0.9372615722711916,0.01868549077738358
Microcystaceae,53,3.6109551693132005,3.67690264056964,3.3490960625313324,2.95868939917553,2.36741924468029,3.4561596283552363,-0.9371944018348439,0.018715314488077603
Nodosilineaceae,12,3.089293526205931,3.1959299799533314,2.501798202144128,2.0073073474901046,1.9725925347771813,3.2506613373103446,-0.9354390485803686,0.01950013776064613
Acetobacteraceae,82,5.6896747414287905,5.787981267192659,5.872706061979303,6.295194991250124,6.254206709410606,5.77410600651077,0.9335550706677962,0.020354016814225592
Halomonadaceae,3,-3.1529297392492346,-2.969487874278089,-2.5857981330882556,-0.6317499821251538,-0.465794099375926,-0.018907601873374258,0.9331170004600318,0.020554257751673296
Obscuribacteraceae,10,1.7449100607016765,1.8825423896415279,0.6722984049332266,0.690005857857166,-0.15563917107208658,2.6129812382632713,-0.93257466998339,0.020803033990320925
Solirubrobacteraceae,24,3.265435196686977,2.8594577433321184,2.3770464971716514,2.5252504390249597,2.1267432146044394,2.263474783803152,-0.9323241734561596,0.020918267918037775
Pseudanabaenaceae,24,3.783412996584815,3.9726688314213803,2.943630954423168,0.8723274146511204,0.6916586893151169,4.437762575796272,-0.9320758967746403,0.0210326839186144
Flammeovirgaceae,2,-0.5138724096339762,-1.177728405050034,-2.5857981330882556,-2.7111915238049895,-2.8636893721742966,-2.32149269486742,-0.9317406813215078,0.02118748514911452
WD2101_soil_group,72,3.289610427218964,3.3071556150635555,3.452072786833882,3.742433475087702,3.700166154357831,3.982956107554561,0.929828612523233,0.022077460680466128
Mycobacteriaceae,29,6.149442718173441,6.206571563721219,6.320188632148174,6.940688700416347,6.973658377857286,5.038611278121731,0.9286435403426798,0.02263497008516565
RBG-16-55-12,3,-3.1529297392492346,-2.969487874278089,-2.5857981330882556,0.06139719843479163,0.5375080094878588,-2.32149269486742,0.928080993973987,0.022901185606695965
Comamonadaceae,294,6.607841511085299,6.162025717152122,5.488228083035805,5.680438444635902,5.240711935747316,9.314110473969249,-0.9277380313787142,0.023063979859649093
Syntrophobacteraceae,25,2.040027111640976,2.1364575996224913,2.2662321308313613,2.5821133009195028,2.4928969024977157,0.936603843154062,0.9276902401367582,0.023086694529982906
Xanthobacteraceae,46,2.8656634752469996,3.396982573453349,3.204162037808998,3.8050015522379748,3.9917194264356315,2.837562604347109,0.9266185525118456,0.02359794910605672
Rhodothermaceae,5,0.31280616355049196,-0.0791161163819245,-0.28321304009420967,-2.7111915238049895,-2.8636893721742966,-2.32149269486742,-0.9263049073265504,0.023748258302382533
KI89A_clade,11,2.364523157215473,2.1364575996224913,1.7182669601159146,0.9263946359213961,1.1793618956602536,2.7023878259788563,-0.9257409211258045,0.02401931344255511
Opitutaceae,77,4.780508648378254,5.118766852844342,5.419235211548855,5.306445636103488,5.604733654872512,6.315614593214155,0.9235943478873536,0.025060001418598998
GOUTB8,4,0.06594608561896598,-1.177728405050034,-2.5857981330882556,-2.7111915238049895,-2.8636893721742966,-0.9351983337475296,-0.9216960476564042,0.02599210737862452
Methylophilaceae,25,3.591129447062113,3.599993546136207,2.8609392385780543,2.9621317433665033,2.0562915536538284,4.794089431317033,-0.9212047816606319,0.026235111237611665
Oleiphilaceae,1,0.7388905588613919,-0.48458122449008867,-2.5857981330882556,-2.7111915238049895,-2.8636893721742966,-0.5297332256393652,-0.9197342128460471,0.02696686398854474
Cyclobacteriaceae,24,3.4290953996435913,4.384874456143388,4.736712300909138,4.817140242902257,5.077961880756259,3.621306680259281,0.9182195692213018,0.027727292140857878
WOR-1,14,-3.1529297392492346,-2.969487874278089,-0.7940386638602006,-0.51396694646877,-0.3787827223862963,-2.32149269486742,0.918087226605147,0.027794057596333195
Mitochondria,52,3.9312966828486813,3.9016034203324566,3.8772313238324143,3.398056058959376,3.2116566589143876,4.124227124518159,-0.9171719837914881,0.028257199178974082
Gracilibacteria,22,0.7182712716586566,-0.7722632969418695,-2.5857981330882556,-2.7111915238049895,-2.8636893721742966,2.8658931109733348,-0.9170144685240993,0.028337154869771987
Azospirillaceae,16,2.1553379581519705,1.4848594219754183,1.5885891368073812,0.844156537684424,0.9205002617439644,-2.32149269486742,-0.916334084403976,0.02868335534752917
Chromatiaceae,84,3.47378800999979,3.7780986525512263,3.7113111868456796,3.8341581365294304,4.107040705969228,3.3025248113199184,0.91621389814369,0.028744650189154057
Desulfomonilaceae,18,-0.20849076008279432,0.3978079557083851,0.7100387329160736,0.8997263888392348,0.8739802461090718,0.24345666259411658,0.9146336323135379,0.02955448260284137
DTU014,2,-3.1529297392492346,-2.969487874278089,-2.5857981330882556,-0.51396694646877,-0.6664647948380771,-2.32149269486742,0.9146255367804841,0.029558649872931917
Caulobacteraceae,53,5.964746947863528,5.95543452689938,6.8012648172814,7.343341893604917,7.164578897259138,5.065597540789337,0.9131840264522155,0.030303684009178395
Chitinibacteraceae,8,1.2537895080150188,-0.13627453022187286,0.4099341404657353,-2.7111915238049895,-2.8636893721742966,0.6229462842990201,-0.9125087506051879,0.030654737891112612
ST-12K33,2,-0.3197163951930184,-0.5715926014797184,-2.5857981330882556,-2.7111915238049895,-2.8636893721742966,-2.32149269486742,-0.9121161325560474,0.030859443006005464
Geminicoccaceae,41,3.8734970694504014,4.015228445840177,3.9552318661016477,4.257658854536958,4.6048238993220405,3.4654046864992876,0.9105897485898389,0.03165941550421667
Phycisphaeraceae,181,4.959897739502139,5.0122454124137965,4.749835848838946,4.3797182982749945,4.44149884321874,4.6879162378412165,-0.9099365727694009,0.03200374318707599
Elsteraceae,4,0.8360543073150399,1.7309924915143275,-0.388573555752036,-2.7111915238049895,-2.8636893721742966,0.6229462842990201,-0.9058076718406574,0.03420770851991462
Leptospiraceae,18,0.798313979332193,1.7309924915143275,-0.6398879840329423,-2.7111915238049895,-2.8636893721742966,-0.018907601873374258,-0.9056854005149387,0.034273689074348336
Nocardiaceae,6,-3.1529297392492346,-2.969487874278089,-0.02084877562671883,0.37985092955332656,0.3551864526939039,-2.32149269486742,0.9028943539651006,0.03579080378959887
Gaiellaceae,22,2.7191880502261814,2.579588210617131,2.898998800402399,3.3891274282150747,3.3901394394011763,2.4320974962389443,0.9016729909016818,0.03646126757971588
CCM11a,37,0.5106319068804117,1.348000239258221,1.557336593303277,1.3996823403683218,2.469029421091072,1.045803135119054,0.8998259638075512,0.03748270200614754
Rhodobacteraceae,203,6.538663254150574,6.855659686806787,7.9152888919959015,7.7564443861789645,7.974635849522564,6.4686241980250525,0.8991211949047804,0.0378748169042923
Phormidiaceae,13,5.302813489850781,5.087255900697224,4.517523929437857,3.3170869964257084,3.799443323816506,4.837799209930145,-0.897247039423208,0.03892385429429074
Cyanobiaceae,90,7.225144673465438,7.270257606202502,7.104062936825503,6.294336253541706,5.215308886510857,7.1081438366940795,-0.8968662727027562,0.03913809812238697
Fibrobacteraceae,30,1.216518113217787,1.4731633822122276,1.1030813210256807,0.6210129863702143,0.18083306554912637,0.5688790630287444,-0.896605464205985,0.039285061796056224
Fimbriimonadaceae,19,2.5475138341414523,2.4011501538495734,1.9991693455823167,1.5792679173434014,1.8184418549499233,1.4397074208261422,-0.8965146520566165,0.03933627494775243
Crocinitomicaceae,42,3.297540682894941,3.231021299764601,3.8519535166481456,5.357837804969968,5.013328523448101,5.975801675399497,0.8941629703641825,0.040669865079571606
SJA-28,10,-0.5879803817876978,0.3978079557083851,0.18679058915152558,0.6561043061814846,0.8739802461090718,-2.32149269486742,0.8940037753265959,0.04076065157468629
Ga0077536,15,3.659415354928244,3.4841371246146027,3.0561089378498583,3.2472331692247924,2.3833346999861895,3.2879791003175396,-0.8927993030008445,0.04144962604581305
Xanthomonadaceae,26,2.722000991602796,2.9574381516923216,2.927630613076727,4.011438271050459,3.8885810039674453,2.6201497277418837,0.8917741514859849,0.04203891160842247
Bacillaceae,16,0.45798817339498976,0.20856595606985673,0.940562391527906,1.980156358424154,1.751431144666963,-0.1242681175312006,0.884873845948156,0.04607329572417138
Gemmataceae,297,5.122446635587172,4.992927805842975,5.006063581801678,4.986383822997354,4.778355030698961,5.842163481301013,-0.8837258390247117,0.04675578542988668
SR-FBR-L83,4,-1.0734881975693988,-0.7722632969418695,-2.5857981330882556,-2.7111915238049895,-2.8636893721742966,-1.2228804061993104,-0.8770055217241908,0.05081397934695691
Clostridiaceae,44,2.6431280115161373,2.5834717106435283,2.6453104837663313,2.944800287014863,2.988513107600178,1.9689667462809708,0.875719049683011,0.05160291892906394
Rokubacteriales,6,0.21436609073723956,-0.02504889511164876,-0.1879028602898849,-0.7652813747496763,-2.8636893721742966,-2.32149269486742,-0.873274856033857,0.053112349985067184
MVP-15,8,-3.1529297392492346,-2.969487874278089,-2.5857981330882556,-2.7111915238049895,-1.477395011054406,-2.32149269486742,0.8720896094240833,0.05384922689011494
Schlesneriaceae,30,6.480191618600344,6.478293353713127,7.320734777633833,8.294136434750673,7.762455618295717,7.392467400624424,0.8683799951157345,0.05617604176859331
Terrimicrobiaceae,26,3.6736154843073594,3.4570005831796013,3.9392315247552068,4.3986879392672815,4.301804102886549,2.6272671955107483,0.8657844330004856,0.05782235639226566
Competibacteraceae,26,1.4522404467388572,1.7309924915143275,0.7100387329160736,0.9263946359213961,-0.465794099375926,0.974344171136909,-0.8627291013430554,0.059779297692379
Beijerinckiaceae,49,5.548915624299239,6.449653687296427,7.4793830084458595,7.491585474224635,7.354864362026379,4.92487538523504,0.8620222380752858,0.06023494273448951
Balneolaceae,9,3.3362751920760827,4.599923918172623,2.029322383753004,1.7076490839916088,0.4321474938300325,3.0208415570973908,-0.8613435119230872,0.06067346879239741
Euzebyaceae,3,-3.1529297392492346,-2.969487874278089,-0.9763602206541553,0.37985092955332656,-0.6664647948380771,-2.32149269486742,0.8587527914671238,0.06235645397876046
Endomicrobiaceae,4,-3.1529297392492346,-2.969487874278089,-2.5857981330882556,-2.7111915238049895,-1.2542514597401964,-0.9351983337475296,0.8560427182071388,0.0641322983170545
PLTA13,10,2.5836425582299576,2.8682425728878505,2.6126988981775705,3.169341462595711,3.326626033678851,2.8714641560227903,0.8544260154749777,0.06519907069665923
Oligoflexales,14,5.501413290314236,5.742449393930659,5.968112641263145,3.0382014621032636,1.5307597824981425,4.8189603482337375,-0.8536491843517833,0.06571360739229888
Rhizobiaceae,67,4.656611585404176,4.630414084930409,5.470945641887058,5.425326728310301,5.451387635119807,4.658583245694343,0.8535632880424234,0.06577057849826093
B1-7BS,5,2.285149569673961,2.20666185829574,2.2344834325167815,2.5970761735962156,3.011241358677734,2.1211585616228965,0.8517157732799956,0.06699966703591412
Stappiaceae,2,2.356458597378743,2.1364575996224913,3.3854637067022066,3.785583466380873,3.5248720333713335,-2.32149269486742,0.8509820700009445,0.06748973760365427
Gemmatimonadaceae,60,3.8243516023815127,4.1354775739917535,3.6167373840996673,3.4832138672996824,3.220810040900875,4.427266852624259,-0.8495325656593826,0.06846118214673932
Gracilibacteraceae,3,-0.8503446462551887,-0.26143767317587896,-2.5857981330882556,-2.7111915238049895,-2.8636893721742966,-2.32149269486742,-0.8479638239047265,0.06951739189165254
Yersiniaceae,8,2.245232962268518,2.1838037202196903,2.362961757289913,3.3025236322378126,3.065899771215598,1.685840490365051,0.8474554810549447,0.06986072827772699
Phaselicystidaceae,7,1.959058049107309,2.8827146054963855,2.297003789498115,-2.7111915238049895,-2.8636893721742966,3.7921894849648115,-0.845508086572899,0.07118085514884986
Marine_Benthic_Group_D_and_DHVEG-1,4,-0.5138724096339762,-0.4045385168165523,-0.28321304009420967,-2.7111915238049895,-2.8636893721742966,-2.32149269486742,-0.8449900858635329,0.07153329460637813
SG8-4,4,-3.1529297392492346,-2.969487874278089,-2.5857981330882556,-2.7111915238049895,-1.0719299029462417,-2.32149269486742,0.8447519474373726,0.07169550140850928
Steroidobacteraceae,37,4.138726469925226,4.190581333318038,4.117389980152607,4.06986610213119,4.050047978485388,3.8647159290330735,-0.842302420838845,0.07337058002842299
PS-B29,2,-3.1529297392492346,-2.969487874278089,-2.5857981330882556,-0.14624216634345277,-1.0719299029462417,-2.32149269486742,0.8403791641867076,0.07469414817028984
Burkholderiaceae,32,3.276789738789903,2.9304094793044024,2.882262008046876,2.9825406149977103,2.17973574474495,3.3239542027758175,-0.835997835375182,0.07773651623867091
Spongiibacteraceae,9,2.0061255599652945,2.020944712500647,1.439553557646894,0.9523701223246568,-2.8636893721742966,2.2736271552671696,-0.8348466467846654,0.078542098509171
Sulfuricellaceae,2,-1.0734881975693988,-0.4045385168165523,-2.5857981330882556,-2.7111915238049895,-2.8636893721742966,-2.32149269486742,-0.8348353187402118,0.07855003841632809
Bdellovibrionaceae,139,5.462478499663957,5.58094665091795,5.793052108706236,4.191551213353604,3.554675563761915,5.441953693859942,-0.8347479651755467,0.07861127347428361
MB-A2-108,18,2.226967614291225,2.5834717106435283,2.451154469325374,3.0253807736742027,2.833404114331108,2.1671436748647195,0.8335514279056977,0.07945152941883758
Devosiaceae,24,4.574164745530607,5.406602476160149,6.560643513037695,6.066672190816179,6.392961902665136,5.132648383279259,0.8334803243602057,0.07950154785673628
KF-JG30-C25,3,-3.1529297392492346,-0.8900463325982533,-0.6398879840329423,0.12202182025122665,-0.2987400147127599,-0.5297332256393652,0.8320577514916093,0.08050430661576041
Vibrionaceae,1,-3.1529297392492346,-2.969487874278089,-2.5857981330882556,-2.7111915238049895,-0.7842478304944609,-2.32149269486742,0.829740774381563,0.08214578747794248
Eel-36e1D6,3,-3.1529297392492346,-2.969487874278089,-2.5857981330882556,-2.7111915238049895,-0.7842478304944609,-2.32149269486742,0.829740774381563,0.08214578747794248
Frankiaceae,3,-3.1529297392492346,-2.969487874278089,-0.1879028602898849,-0.0031413227027794477,-0.5611042791802507,-2.32149269486742,0.8293451009934675,0.0824271237537926
AKYG1722,1,-3.1529297392492346,-2.969487874278089,-2.5857981330882556,-2.7111915238049895,-0.6664647948380771,-2.32149269486742,0.8244287350606587,0.08594735118806397
Brocadiaceae,1,-3.1529297392492346,-2.969487874278089,-2.5857981330882556,-2.7111915238049895,-0.6664647948380771,-2.32149269486742,0.8244287350606587,0.08594735118806397
Desertifilaceae,1,-0.38034101700945344,0.5858601872113245,-2.5857981330882556,-2.7111915238049895,-2.8636893721742966,0.511720649188796,-0.823554629196098,0.08657794839298473
Carnobacteriaceae,1,2.570655362703146,-0.26143767317587896,-0.7940386638602006,0.37985092955332656,-2.8636893721742966,-2.32149269486742,-0.8224280374350962,0.08739277656556803
SCGC_AAA011-D5,66,-1.3611702700211796,-1.5831935131581985,0.05325919652700284,-0.0721341941897311,-0.030476028118080478,-2.32149269486742,0.8221210211474849,0.08761523724400941
Methylacidiphilaceae,20,2.452872327046763,2.551973043584157,2.623688019753166,1.9616373106569163,1.161662318560853,2.2532182836359627,-0.8219504096750657,0.08773893539674751
Erysipelatoclostridiaceae,5,-0.955705161913015,-0.13627453022187286,-2.5857981330882556,-2.7111915238049895,-2.8636893721742966,0.6742395786865707,-0.821831323968145,0.08782530760627962
Nannocystaceae,18,2.684800707916705,3.1959299799533314,0.4099341404657353,0.8723274146511204,0.3944071658471855,2.7904950934891235,-0.820335307500793,0.08891257518876566
Chlamydiaceae,1,-3.1529297392492346,-2.969487874278089,-2.5857981330882556,-2.7111915238049895,-0.5611042791802507,-2.32149269486742,0.8200278284496614,0.08913655047183187
WCHB1-02,1,-3.1529297392492346,-2.969487874278089,-2.5857981330882556,-2.7111915238049895,-0.5611042791802507,-2.32149269486742,0.8200278284496614,0.08913655047183187
TRA3-20,20,2.991255894876411,3.1980286166102525,2.2662321308313613,2.5618080347587573,2.106123927401704,6.234344120141023,-0.8184920555285766,0.09025782334855031
SM2D12,33,3.4290953996435913,3.6743018588695833,3.4303590266100983,2.1408387401146274,2.41442528705622,4.0046567782876785,-0.8166144275794186,0.09163449613107762
Sanguibacteraceae,1,-3.1529297392492346,-2.969487874278089,-2.5857981330882556,-2.7111915238049895,-0.465794099375926,-0.7120547824333199,0.8163057940158751,0.09186139452494109
Defluviitaleaceae,1,-3.1529297392492346,-2.969487874278089,-2.5857981330882556,-2.7111915238049895,-0.465794099375926,-2.32149269486742,0.8163057940158751,0.09186139452494109
Microbacteriaceae,23,4.765698914093005,4.846929109413712,4.5843214103613725,4.656517048569382,4.025901936180169,4.544398380016018,-0.8162914430899554,0.09187194907875684
Rubrobacteriaceae,1,-3.1529297392492346,-2.969487874278089,-2.5857981330882556,-2.7111915238049895,-0.3787827223862963,-2.32149269486742,0.8131048521257994,0.09422470509315478
OM190,85,3.22719279765053,3.121822007799609,2.9671614518333618,2.6959802476551293,2.9170541436180324,3.5562430869122186,-0.8123341711070602,0.09479644204176067
Desulfovibrionaceae,7,-3.1529297392492346,-2.969487874278089,-2.5857981330882556,-2.7111915238049895,-0.2987400147127599,-2.32149269486742,0.8103138126800566,0.09630025671827325
Brevinemataceae,2,-3.1529297392492346,-2.969487874278089,-2.5857981330882556,-2.7111915238049895,-0.2987400147127599,-2.32149269486742,0.8103138126800566,0.09630025671827325
Demequinaceae,2,-3.1529297392492346,-2.969487874278089,-2.5857981330882556,-2.7111915238049895,-0.2987400147127599,-2.32149269486742,0.8103138126800566,0.09630025671827325
Rubritaleaceae,174,6.886442684307259,6.8892114954679045,7.031472939157702,6.531422408721488,6.119248391567292,8.372087244285133,-0.8099473019963273,0.09657383349258516
Methanosaetaceae,3,-3.1529297392492346,-2.969487874278089,-2.5857981330882556,-2.7111915238049895,-0.22463204255903824,-2.32149269486742,0.8078518830175263,0.09814245571705893
Ferrovibrionales,1,-3.1529297392492346,-2.969487874278089,-2.5857981330882556,-2.7111915238049895,-0.22463204255903824,-2.32149269486742,0.8078518830175263,0.09814245571705893
Cellulomonadaceae,1,-3.1529297392492346,-2.969487874278089,-2.5857981330882556,-2.7111915238049895,-0.15563917107208658,-2.32149269486742,0.805658820748832,0.0997923791100723
Lentimicrobiaceae,105,1.9284746257352285,2.472929836243704,2.15040031530624,2.6020144552367976,2.661763566957487,2.3513361395944856,0.8054352084672558,0.09996108003841751
Azospirillales_Incertae_Sedis,1,-3.1529297392492346,-2.969487874278089,-2.5857981330882556,-2.7111915238049895,-0.0911006499345155,-0.1242681175312006,0.8036887035533881,0.10128167592168938
Brevibacillaceae,1,-3.1529297392492346,-2.969487874278089,-2.5857981330882556,-2.7111915238049895,-0.030476028118080478,-2.32149269486742,0.8019058511745959,0.10263516560082722
Micrarchaeales,13,-1.5434918268151343,-0.7722632969418695,-2.5857981330882556,-2.7111915238049895,-2.8636893721742966,-2.32149269486742,-0.8013882967572448,0.1030290966986804
A4b,155,5.230732059542481,5.3901153965633775,5.115402047769191,4.686982569165476,4.869994198601604,4.990393469209744,-0.8008601797674856,0.10343153840514041
Holophagaceae,6,-3.1529297392492346,-2.969487874278089,-2.5857981330882556,-2.7111915238049895,0.026682385721867874,-0.5297332256393652,0.8002820764276186,0.1038726157051807
Hyphomicrobiaceae,104,6.6121000201393265,6.6459842169050205,6.860009539890969,7.7959560427895465,7.311579503281936,7.267010102688918,0.7997348702355827,0.10429064253107567
Nitrosopumilaceae,5,-0.5879803817876978,0.02624439927590183,-0.02084877562671883,-2.7111915238049895,-2.8636893721742966,0.31756463474783825,-0.799321963123088,0.10460641060895985
Alicyclobacillaceae,1,-3.1529297392492346,-2.969487874278089,-2.5857981330882556,-2.7111915238049895,0.1320429013796942,-2.32149269486742,0.797425624523582,0.10606032548678831
Anaerolineaceae,311,4.548722623392991,4.619342004029724,4.485775231123276,4.74179080566047,4.943820670041896,4.096872241068791,0.7964014687277903,0.10684806035997699
Candidatus_Kerfeldbacteria,19,-3.1529297392492346,-2.969487874278089,-2.5857981330882556,-2.7111915238049895,0.18083306554912637,-2.32149269486742,0.7961595251246009,0.10703440960442798
BD7-11,8,0.990204987142298,0.24938795059011154,-0.6398879840329423,-2.7111915238049895,-1.0719299029462417,-2.32149269486742,-0.7958534728786518,0.10727027693643724
Bryobacteraceae,31,1.5655691320458596,2.7276056122273156,2.3341827927398695,2.481765327085221,3.142663787427436,2.591162190868632,0.7905317594458288,0.11139651582736107
WPS-2,9,1.8643500975656897,1.4125387603957922,1.5250757310850558,0.06139719843479163,0.7472285404699277,1.4161769234159483,-0.7893229696036357,0.11234027933219655
Neisseriaceae,12,3.1660383744972,0.6940737718515573,-0.1879028602898849,0.3333309139184335,-0.0911006499345155,2.097347912929178,-0.7888428854779196,0.11271576947309607
na,1327,6.9232918900560225,7.062348916685702,6.93562340476794,6.859686322924222,6.619498583295212,7.3413871926028555,-0.7851603245758307,0.11560850679872717
Rhodocyclaceae,109,4.15895642482793,3.98705756887348,3.5754091886068213,3.527133101234518,3.7141719855467503,6.736395553917086,-0.7846074047378222,0.11604473499002935
Flavobacteriaceae,81,3.6833295380278326,3.070766836999325,3.536694676426131,4.549331074284863,4.562859700223008,3.044483320154431,0.7793712194686183,0.12020013920455123
Limnochordia,5,-3.1529297392492346,-0.48458122449008867,-0.02084877562671883,0.5846453421993396,-0.0911006499345155,-2.32149269486742,0.7791190893247997,0.12040132990432605
Pseudohongiellaceae,9,0.6972178624608238,1.2048993956175478,0.45872430463516745,0.28454074974900134,0.1320429013796942,4.266057319957376,-0.7729426341949216,0.12536113248123837
LCP-89,22,-0.5879803817876978,-0.6669027812840431,0.1222520680139545,-2.7111915238049895,-2.8636893721742966,-0.2420511531875844,-0.7688913186716284,0.12864662086450793
SL56_marine_group,2,0.24826764241292087,0.8371746154922306,0.30457362480790895,1.9709397033192304,1.5183372624995846,0.5688790630287444,0.7687885436828188,0.12873029634792818
AKIW781,3,-3.1529297392492346,-1.3600499618439887,-2.5857981330882556,-0.31329625100661884,-0.7842478304944609,-2.32149269486742,0.7625008182816058,0.1338800750839567
Pla1_lineage,13,-3.1529297392492346,-0.8900463325982533,-2.5857981330882556,0.179180234091175,-0.0911006499345155,-0.9351983337475296,0.7622829084599458,0.13405961822254187
Iamiaceae,24,2.6153912565445374,2.5988566294830076,2.4767968999387113,1.7431557724485178,2.1535904646406276,2.9566219643630967,-0.7586875460644954,0.1370322000589533
MBNT15,28,1.9033160660990731,1.7309924915143275,1.1030813210256807,1.6708351108688917,0.8739802461090718,1.367386759246516,-0.7561633910381856,0.13913059179519607
Nitrososphaeraceae,3,-1.3611702700211796,-0.13627453022187286,-2.5857981330882556,-2.7111915238049895,-2.8636893721742966,-2.32149269486742,-0.7556287769317713,0.13957623499393934
Acidiferrobacteraceae,5,2.6641814207139696,2.093107158748878,0.940562391527906,1.7547165948495942,1.1793618956602536,1.3420689512622261,-0.752699929829476,0.14202509271483002
PHOS-HE36,5,2.407751891766293,2.3918042914313364,2.1327007382068386,2.845636537894548,3.117724839080184,2.7023878259788563,0.7495888590428014,0.1446399848702619
Sumerlaeaceae,55,2.836031677640629,2.8204722966191644,2.193325360023274,1.8531566676628466,2.3180941781177884,1.6674913516968544,-0.7489977345361686,0.14513841391203977
Spirosomaceae,53,3.455070886046852,3.1012498537244007,3.547599909908393,3.813838134038473,3.7814015973313477,3.1423391101581903,0.7481136806642681,0.1458847757123047
Amoebophilaceae,11,3.0082775824458423,2.3870984003939233,2.607158717801955,2.2516531064549175,2.36741924468029,0.8973831300007804,-0.7480828095827352,0.14591085888868796
Bacteriovoracaceae,50,3.8007544716213024,4.379742950335245,4.238575536954831,3.2651593854929444,2.745782423010663,3.7877548878969454,-0.7474879218181019,0.14641375040906374
Sporichthyaceae,49,4.917663800700284,4.868461041747194,4.9152839911716155,5.164307768640219,5.061106541782139,3.992055351409675,0.7466102619883241,0.1471566103584193
Porticoccaceae,3,0.9075132712971845,-0.02504889511164876,-2.5857981330882556,-0.31329625100661884,-2.8636893721742966,-2.32149269486742,-0.7450696309790467,0.1484632757702427
Latescibacteraceae,31,1.203779087440357,2.0141187474302473,1.7709106936013361,2.06793196930654,2.026659756047457,0.8973831300007804,0.7425026478302853,0.15064791868119978
Streptomycetaceae,4,0.31280616355049196,-0.0791161163819245,-0.10089148330025521,0.9523701223246568,1.1793618956602536,-0.018907601873374258,0.7424395278086876,0.1507017547133898
Raineyaceae,2,-3.1529297392492346,-2.969487874278089,-2.5857981330882556,0.9523701223246568,-1.0719299029462417,-2.32149269486742,0.740570258267255,0.15229862723949128
Candidatus_Kaiserbacteria,36,2.088817275810408,1.9649860588526025,1.403185913476019,0.7227956806801568,1.4403757210298735,4.018866608860332,-0.7400927947299196,0.15270730021125853
CCD24,18,1.3579297672676152,0.7681817440052794,1.05178802663813,1.9616373106569163,2.0635643129829084,1.738950315678999,0.7309839953047315,0.1605644052299359
MWH-UniP1_aquatic_group,1,1.8643500975656897,2.261620742576498,2.483106069131976,2.6215272694603793,2.3457967806671247,2.887993457974001,0.7291708888394732,0.16214196388104127
Geodermatophilaceae,4,1.005953344110437,0.16600634165106065,0.8481890713968907,1.2591003897471325,1.915434120937233,-2.32149269486742,0.7243561394760101,0.16635279376063863
D05-2,1,-3.1529297392492346,-2.969487874278089,-0.28321304009420967,-2.7111915238049895,0.9649520243147984,-2.32149269486742,0.7222743860463459,0.16818305899801897
Omnitrophaceae,183,1.5744580794631062,1.6456326425631707,1.4746448774581635,1.7196252750383239,1.9238023706077492,-0.7120547824333199,0.721357604946744,0.16899091722104917
Pedosphaeraceae,56,4.0805256793722045,4.157402934620719,4.172296371339475,3.650110953768006,3.80326742025491,5.200907536519704,-0.7185686310507496,0.1714553736547218
Xiphinematobacteraceae,7,1.1645583742870755,1.1080495696276307,2.009321717046334,2.4705920264870955,1.7902709779832264,0.451096027372361,0.7155843458858886,0.174103746318079
Methyloligellaceae,5,2.0288538110428505,2.2009961207600623,2.08703070137365,2.0928295209282672,2.600142432851314,1.507148701621675,0.7077137870323091,0.18114385125003074
WCHB1-81,13,-3.1529297392492346,-1.8708755856099792,-2.5857981330882556,-2.7111915238049895,0.6020465306254299,-2.32149269486742,0.7050143666320485,0.18357673054125304
Desulfatiglandaceae,36,1.9650640731675209,2.1780066025353637,1.9574966491817483,2.1009928315674276,2.459320606964112,1.7560447490382995,0.7021184472024432,0.18619695949377996
Candidatus_Komeilibacteria,6,-3.1529297392492346,-2.969487874278089,-0.9763602206541553,-2.7111915238049895,-0.6664647948380771,-2.32149269486742,0.7018332881918057,0.18645554228987515
Methylomonadaceae,12,2.0003618552485447,0.6940737718515573,0.1222520680139545,0.37985092955332656,0.5375080094878588,-0.7120547824333199,-0.6999286517651122,0.18818528271027563
Deinococcaceae,5,-3.1529297392492346,-1.8708755856099792,-2.5857981330882556,-2.7111915238049895,0.1320429013796942,-2.32149269486742,0.6982497536160261,0.1897137679513197
Staphylococcaceae,4,0.34357782221724564,-2.969487874278089,-2.5857981330882556,-2.7111915238049895,-2.8636893721742966,-2.32149269486742,-0.692480516861438,0.19499271917271335
Melioribacteraceae,6,0.21436609073723956,-2.969487874278089,-2.5857981330882556,-2.7111915238049895,-2.8636893721742966,-2.32149269486742,-0.6916860849324468,0.19572283919445843
GW2011,2,0.06594608561896598,-2.969487874278089,-2.5857981330882556,-2.7111915238049895,-2.8636893721742966,-2.32149269486742,-0.6906662020635138,0.1966612871433113
Ferrovibrionaceae,1,0.025124091098711165,-2.969487874278089,-2.5857981330882556,-2.7111915238049895,-2.8636893721742966,-2.32149269486742,-0.6903629064969377,0.19694060953159928
LH041,1,-0.01743552332008491,-2.969487874278089,-2.5857981330882556,-2.7111915238049895,-2.8636893721742966,-2.32149269486742,-0.6900352154242622,0.1972425247568104
P9X2b3D02,2,-0.10840730152581157,-2.969487874278089,-2.5857981330882556,-2.7111915238049895,-2.8636893721742966,-2.32149269486742,-0.6892924701213441,0.197927328839327
Ardenticatenaceae,6,-0.7550344664508639,-1.8708755856099792,-0.1879028602898849,-0.4086064308109436,0.27180484375485303,-2.32149269486742,0.6888493037409984,0.19833624242934475
Coleofasciculaceae,3,2.0061255599652945,-2.969487874278089,-0.388573555752036,-2.7111915238049895,-2.8636893721742966,1.9551734241486352,-0.6887822412764422,0.19839814227334773
Absconditabacteriales_(SR1),31,1.203779087440357,1.09095513626833,0.8153992485738999,1.3996823403683218,-2.8636893721742966,-1.2228804061993104,-0.6884718806163292,0.19868468150011956
KF-JG30-B3,1,-0.20849076008279432,-2.969487874278089,-2.5857981330882556,-2.7111915238049895,-2.8636893721742966,-2.32149269486742,-0.6884016892472625,0.19874950154428986
CHAB-XI-27,2,0.06594608561896598,-1.177728405050034,1.1754019826053068,0.6561043061814846,1.3848058698750627,0.31756463474783825,0.6870929799415717,0.199959152269279
SS1-B-02-17,2,-0.5138724096339762,-2.969487874278089,-2.5857981330882556,-2.7111915238049895,-2.8636893721742966,-2.32149269486742,-0.6850832253215501,0.20182079746261097
S32,1,-0.5138724096339762,-2.969487874278089,-2.5857981330882556,-2.7111915238049895,-2.8636893721742966,-2.32149269486742,-0.6850832253215501,0.20182079746261097
Rhodospirillaceae,4,0.10516679877224755,0.9223324238325374,-0.02084877562671883,0.42430269212416016,-2.8636893721742966,-0.1242681175312006,-0.6847931285075403,0.20208991558774875
CPR2,1,-0.5879803817876978,-2.969487874278089,-2.5857981330882556,-2.7111915238049895,-2.8636893721742966,-2.32149269486742,-0.6841063651742983,0.20272741602091937
Cryomorphaceae,21,3.1732197339058645,3.2269562535164313,3.1539947790909784,3.6587094590232376,3.4185773747217096,2.3034801184168505,0.6837735022147834,0.20303660477787575
Pyrinomonadaceae,1,-0.6680230894612342,-2.969487874278089,-2.5857981330882556,-2.7111915238049895,-2.8636893721742966,-2.32149269486742,-0.6829567537165596,0.20379582358119144
LD1-PB3,3,-0.6680230894612342,-2.969487874278089,-2.5857981330882556,-2.7111915238049895,-2.8636893721742966,-2.32149269486742,-0.6829567537165596,0.20379582358119144
Desulfobaccaceae,71,2.0344560665915203,2.3535221048603194,1.902838236643884,2.382558677001773,2.6931386895252407,2.2532182836359627,0.6827178372874001,0.20401806154567093
JG36-TzT-191,1,-0.7550344664508639,-2.969487874278089,-2.5857981330882556,-2.7111915238049895,-2.8636893721742966,-2.32149269486742,-0.6815801495972957,0.20507725947058977
LiUU-11-161,2,-3.1529297392492346,-0.13627453022187286,-2.5857981330882556,0.12202182025122665,0.22735308118401942,0.451096027372361,0.6815407087038197,0.20511400687066728
Haliangiaceae,26,2.33186719424142,2.1364575996224913,1.5885891368073812,1.7996679827118602,1.872509076220199,2.085226552396833,-0.6811702560915582,0.2054592505760209
Candidatus_Peregrinibacteria,21,-0.8503446462551887,-1.3600499618439887,-0.7940386638602006,-0.9194320545769346,-0.0911006499345155,0.1634139549205802,0.6787966494131314,0.207675186717455
Candidatus_Staskawiczbacteria,22,-1.0734881975693988,-2.969487874278089,-2.5857981330882556,-2.7111915238049895,-2.8636893721742966,-2.32149269486742,-0.6750318682042148,0.21120346890039948
LD-RB-34,4,0.5847398790341338,0.12155457908022704,0.1222520680139545,-2.7111915238049895,-0.7842478304944609,0.6229462842990201,-0.6699188336391171,0.21602171666479306
Chthoniobacteraceae,115,5.184658202867276,5.068378360431529,4.896883695066395,5.202329493478905,4.546657725646727,6.6121714838335155,-0.6662612805649147,0.21948684914902947
Weeksellaceae,10,1.7146047112063476,-0.26143767317587896,0.5922556972596902,-0.6317499821251538,-0.030476028118080478,-0.3755825458121069,-0.6643779454170419,0.2212770487387143
Chloroflexaceae,19,1.934666595983149,1.7400423270342449,2.2504837738632224,2.0073073474901046,2.266209342748777,2.4659990479146257,0.6618195961859088,0.2237153080343151
Moraxellaceae,16,-0.7550344664508639,0.3978079557083851,-0.9763602206541553,-0.4086064308109436,-2.8636893721742966,-0.018907601873374258,-0.659280667135935,0.22614233238796866
Subgroup_22,47,2.4305665695324645,2.4331895075941903,2.2662321308313613,2.4928151632718056,2.850043433335072,0.7695497584908959,0.6582219740649178,0.22715649187239184
Vicinamibacteraceae,61,2.77665940414066,2.318779156416446,2.384015166487745,3.28276990350158,3.247777967328382,2.2736271552671696,0.6582153207155612,0.2271628692998337
Lineage_IIb,12,1.2659108685473637,-0.13627453022187286,-0.28321304009420967,0.06139719843479163,-0.15563917107208658,-2.32149269486742,-0.6580446600066872,0.22732646935716666
Margulisbacteria,15,0.6757116572398605,1.5738069079919148,-2.5857981330882556,0.28454074974900134,-2.8636893721742966,1.17501486659906,-0.6574262360325487,0.22791957900367477
S-BQ2-57_soil_group,17,1.7222675839519166,1.1893952090815825,0.05325919652700284,1.431943202586543,-0.15563917107208658,-0.9351983337475296,-0.6568528758009731,0.22846984908535556
Candidatus_Yanofskybacteria,11,-0.38034101700945344,0.3263489917262401,0.2474152109679606,0.23324745536145075,0.27180484375485303,-2.32149269486742,0.653899364625704,0.2313101822104099
Holosporaceae,11,2.1894045127155763,1.7578999444342518,2.6182085539885396,0.754544378994737,1.1252946743899779,0.5688790630287444,-0.6516269470237238,0.23350205926950338
Williamwhitmaniaceae,15,-3.1529297392492346,-1.0235777252227758,-2.5857981330882556,0.6210129863702143,-0.9177792231189834,-2.32149269486742,0.6468374789558017,0.23814023197900597
MSB-5B2,2,-3.1529297392492346,-1.8708755856099792,-2.5857981330882556,-2.7111915238049895,-1.0719299029462417,-2.32149269486742,0.6430503495014821,0.24182528326510944
Verrucomicrobiaceae,128,5.683008050070601,5.64881681850656,6.571563314097041,6.765351888945849,6.1489315008278345,7.918181339180105,0.6398929157448465,0.24490933956935515
FCPU426,12,-0.6680230894612342,-0.3304305446628306,0.1222520680139545,0.9776879303089467,-0.0911006499345155,0.7230297428560029,0.6284822468673327,0.2561423148652762
AB1,3,1.1778036010370965,-2.969487874278089,0.2474152109679606,-2.7111915238049895,-2.8636893721742966,1.8216420315241124,-0.6248542165339221,0.25974210637648804
Desulfotomaculales,4,-1.0734881975693988,-2.969487874278089,-0.7940386638602006,-0.7652813747496763,0.026682385721867874,-2.32149269486742,0.6247989885013523,0.2597970085097171
Clade_III,3,4.12085657859566,3.8217335884480965,3.687078873457912,4.02221036803237,3.5692507205648827,3.344933993245012,-0.6244117418529274,0.26018205728932897
Candidatus_Hepatincola,3,-3.1529297392492346,-2.969487874278089,-0.6398879840329423,-2.7111915238049895,-0.9177792231189834,-2.32149269486742,0.6227537170917723,0.26183239559308746
Isosphaeraceae,73,3.809313725016972,3.403831915298923,3.354373119632176,3.55979690805331,3.346910704850356,3.5449753620658764,-0.6215516152841234,0.2630306674036684
WS2,6,-3.1529297392492346,-0.5715926014797184,-2.5857981330882556,1.551488353236326,-0.5611042791802507,-0.9351983337475296,0.617186785583751,0.26739383018620005
Leptolyngbyaceae,16,1.9408204615575277,2.0003254252979117,0.3586408460781847,1.2008314816231564,1.0075116387335945,2.1444154237871635,-0.6144624473007547,0.27012678644093235
Parachlamydiaceae,72,2.407751891766293,2.988936818751693,2.3341827927398695,2.645394750867023,3.5299013817763347,1.4851697949028995,0.6130073025917273,0.2715895530774904
WS4,5,-3.1529297392492346,-2.969487874278089,0.633077691779945,-2.7111915238049895,0.3944071658471855,-2.32149269486742,0.6110817686112242,0.273528386906853
Kapabacteriales,14,2.01185623467428,2.506975677653422,0.18679058915152558,1.3996823403683218,0.773896787552089,1.2620262435886898,-0.6091003529514664,0.275527292783931
MSB-3C8,7,0.2810574652359117,-0.0791161163819245,-0.5063565914084198,-0.14624216634345277,-0.22463204255903824,-2.32149269486742,-0.600754286770106,0.2839889415011547
JS1,2,-3.1529297392492346,-2.969487874278089,-2.5857981330882556,-2.7111915238049895,-2.8636893721742966,-2.32149269486742,0.5991017662885942,0.28567229814052253
Sulfurospirillaceae,8,-3.1529297392492346,-2.969487874278089,-2.5857981330882556,-2.7111915238049895,-2.8636893721742966,-2.32149269486742,0.5991017662885942,0.28567229814052253
Herpetosiphonaceae,1,-3.1529297392492346,-2.969487874278089,-2.5857981330882556,-2.7111915238049895,-2.8636893721742966,-0.2420511531875844,0.5991017662885942,0.28567229814052253
FS117-23B-02,1,-3.1529297392492346,-2.969487874278089,-2.5857981330882556,-2.7111915238049895,-2.8636893721742966,-2.32149269486742,0.5991017662885942,0.28567229814052253
Erysipelotrichaceae,8,-3.1529297392492346,-2.969487874278089,-2.5857981330882556,-2.7111915238049895,-2.8636893721742966,-2.32149269486742,0.5991017662885942,0.28567229814052253
F082,1,-3.1529297392492346,-2.969487874278089,-2.5857981330882556,-2.7111915238049895,-2.8636893721742966,-2.32149269486742,0.5991017662885942,0.28567229814052253
DG-20,1,-3.1529297392492346,-2.969487874278089,-2.5857981330882556,-2.7111915238049895,-2.8636893721742966,-2.32149269486742,0.5991017662885942,0.28567229814052253
MVP-21,1,-3.1529297392492346,-2.969487874278089,-2.5857981330882556,-2.7111915238049895,-2.8636893721742966,-2.32149269486742,0.5991017662885942,0.28567229814052253
Rs-M47,3,-3.1529297392492346,-2.969487874278089,-2.5857981330882556,-2.7111915238049895,-2.8636893721742966,-2.32149269486742,0.5991017662885942,0.28567229814052253
SG8-5,1,-3.1529297392492346,-2.969487874278089,-2.5857981330882556,-2.7111915238049895,-2.8636893721742966,-2.32149269486742,0.5991017662885942,0.28567229814052253
SM23-30,2,-3.1529297392492346,-2.969487874278089,-2.5857981330882556,-2.7111915238049895,-2.8636893721742966,-2.32149269486742,0.5991017662885942,0.28567229814052253
Armatimonadales,1,-3.1529297392492346,-2.969487874278089,-2.5857981330882556,-2.7111915238049895,-2.8636893721742966,-2.32149269486742,0.5991017662885942,0.28567229814052253
LD1-PA32,4,-3.1529297392492346,-2.969487874278089,-2.5857981330882556,-2.7111915238049895,-2.8636893721742966,-2.32149269486742,0.5991017662885942,0.28567229814052253
Defferrisomataceae,1,-3.1529297392492346,-2.969487874278089,-2.5857981330882556,-2.7111915238049895,-2.8636893721742966,-2.32149269486742,0.5991017662885942,0.28567229814052253
ST-NAGAB-D1,1,-3.1529297392492346,-2.969487874278089,-2.5857981330882556,-2.7111915238049895,-2.8636893721742966,-2.32149269486742,0.5991017662885942,0.28567229814052253
Solimonadaceae,2,-3.1529297392492346,-2.969487874278089,-2.5857981330882556,-2.7111915238049895,-2.8636893721742966,-2.32149269486742,0.5991017662885942,0.28567229814052253
SCGC_AAA286-E23,1,-3.1529297392492346,-2.969487874278089,-2.5857981330882556,-2.7111915238049895,-2.8636893721742966,-2.32149269486742,0.5991017662885942,0.28567229814052253
Bacteroidaceae,1,-3.1529297392492346,-2.969487874278089,-2.5857981330882556,-2.7111915238049895,-2.8636893721742966,-2.32149269486742,0.5991017662885942,0.28567229814052253
BSV40,1,-3.1529297392492346,-2.969487874278089,-2.5857981330882556,-2.7111915238049895,-2.8636893721742966,-2.32149269486742,0.5991017662885942,0.28567229814052253
SZB30,2,-3.1529297392492346,-2.969487874278089,-2.5857981330882556,-2.7111915238049895,-2.8636893721742966,-2.32149269486742,0.5991017662885942,0.28567229814052253
Candidatus_Peribacteria,5,-3.1529297392492346,-2.969487874278089,-2.5857981330882556,-2.7111915238049895,-2.8636893721742966,-2.32149269486742,0.5991017662885942,0.28567229814052253
Candidatus_Shapirobacteria,1,-3.1529297392492346,-2.969487874278089,-2.5857981330882556,-2.7111915238049895,-2.8636893721742966,-2.32149269486742,0.5991017662885942,0.28567229814052253
Anaerovoracaceae,6,-3.1529297392492346,-2.969487874278089,-2.5857981330882556,-2.7111915238049895,-2.8636893721742966,-2.32149269486742,0.5991017662885942,0.28567229814052253
Altiarchaeaceae,1,-3.1529297392492346,-2.969487874278089,-2.5857981330882556,-2.7111915238049895,-2.8636893721742966,-2.32149269486742,0.5991017662885942,0.28567229814052253
AT-s3-44,1,-3.1529297392492346,-2.969487874278089,-2.5857981330882556,-2.7111915238049895,-2.8636893721742966,-2.32149269486742,0.5991017662885942,0.28567229814052253
Anaplasmataceae,2,-3.1529297392492346,-2.969487874278089,-2.5857981330882556,-2.7111915238049895,-2.8636893721742966,0.31756463474783825,0.5991017662885942,0.28567229814052253
Acetothermiia,2,-3.1529297392492346,-2.969487874278089,-2.5857981330882556,-2.7111915238049895,-2.8636893721742966,-2.32149269486742,0.5991017662885942,0.28567229814052253
Acholeplasmataceae,4,-3.1529297392492346,-2.969487874278089,-2.5857981330882556,-2.7111915238049895,-2.8636893721742966,-2.32149269486742,0.5991017662885942,0.28567229814052253
Chlorobiaceae,59,-3.1529297392492346,-2.969487874278089,-2.5857981330882556,-2.7111915238049895,-2.8636893721742966,-2.32149269486742,0.5991017662885942,0.28567229814052253
NKB15,5,-3.1529297392492346,-2.969487874278089,-2.5857981330882556,-2.7111915238049895,-2.8636893721742966,-2.32149269486742,0.5991017662885942,0.28567229814052253
Chitinivibrionaceae,30,-3.1529297392492346,-2.969487874278089,-2.5857981330882556,-2.7111915238049895,-2.8636893721742966,-2.32149269486742,0.5991017662885942,0.28567229814052253
Muribaculaceae,1,-3.1529297392492346,-2.969487874278089,-2.5857981330882556,-2.7111915238049895,-2.8636893721742966,-2.32149269486742,0.5991017662885942,0.28567229814052253
Pasteurellaceae,1,-3.1529297392492346,-2.969487874278089,-2.5857981330882556,-2.7111915238049895,-2.8636893721742966,-2.32149269486742,0.5991017662885942,0.28567229814052253
MidBa8,2,-3.1529297392492346,-2.969487874278089,-2.5857981330882556,-2.7111915238049895,-2.8636893721742966,-2.32149269486742,0.5991017662885942,0.28567229814052253
Candidatus_Azambacteria,1,-3.1529297392492346,-2.969487874278089,-2.5857981330882556,-2.7111915238049895,-2.8636893721742966,-2.32149269486742,0.5991017662885942,0.28567229814052253
Piscirickettsiaceae,1,-3.1529297392492346,-2.969487874278089,-2.5857981330882556,-2.7111915238049895,-2.8636893721742966,0.07640257793095051,0.5991017662885942,0.28567229814052253
Oligosphaeraceae,1,-3.1529297392492346,-2.969487874278089,-2.5857981330882556,-2.7111915238049895,-2.8636893721742966,-2.32149269486742,0.5991017662885942,0.28567229814052253
Prevotellaceae,1,-3.1529297392492346,-2.969487874278089,-2.5857981330882556,-2.7111915238049895,-2.8636893721742966,-2.32149269486742,0.5991017662885942,0.28567229814052253
Clostridia_UCG-014,1,-3.1529297392492346,-2.969487874278089,-2.5857981330882556,-2.7111915238049895,-2.8636893721742966,-2.32149269486742,0.5991017662885942,0.28567229814052253
Cloacimonadaceae,1,-3.1529297392492346,-2.969487874278089,-2.5857981330882556,-2.7111915238049895,-2.8636893721742966,-2.32149269486742,0.5991017662885942,0.28567229814052253
Marinifilaceae,10,-3.1529297392492346,-2.969487874278089,-2.5857981330882556,-2.7111915238049895,-2.8636893721742966,-2.32149269486742,0.5991017662885942,0.28567229814052253
Helicobacteraceae,2,-3.1529297392492346,-2.969487874278089,-2.5857981330882556,-2.7111915238049895,-2.8636893721742966,-2.32149269486742,0.5991017662885942,0.28567229814052253
Streptococcaceae,3,-3.1529297392492346,-2.969487874278089,-2.5857981330882556,-2.7111915238049895,-2.8636893721742966,-2.32149269486742,0.5991017662885942,0.28567229814052253
Subgroup_13,1,-3.1529297392492346,-2.969487874278089,-2.5857981330882556,-2.7111915238049895,-2.8636893721742966,-2.32149269486742,0.5991017662885942,0.28567229814052253
Hadarchaeales,1,-3.1529297392492346,-2.969487874278089,-2.5857981330882556,-2.7111915238049895,-2.8636893721742966,-2.32149269486742,0.5991017662885942,0.28567229814052253
Dysgonomonadaceae,1,-3.1529297392492346,-2.969487874278089,-2.5857981330882556,-2.7111915238049895,-2.8636893721742966,-2.32149269486742,0.5991017662885942,0.28567229814052253
Schekmanbacteria,1,-3.1529297392492346,-2.969487874278089,-2.5857981330882556,-2.7111915238049895,-2.8636893721742966,-2.32149269486742,0.5991017662885942,0.28567229814052253
Lactobacillaceae,1,-3.1529297392492346,-2.969487874278089,-2.5857981330882556,-2.7111915238049895,-2.8636893721742966,-2.32149269486742,0.5991017662885942,0.28567229814052253
Leptotrichiaceae,15,-3.1529297392492346,-2.969487874278089,-2.5857981330882556,-2.7111915238049895,-2.8636893721742966,0.24345666259411658,0.5991017662885942,0.28567229814052253
Rs-E47_termite_group,1,-3.1529297392492346,-2.969487874278089,-2.5857981330882556,-2.7111915238049895,-2.8636893721742966,-2.32149269486742,0.5991017662885942,0.28567229814052253
S15A-MN91,2,-3.1529297392492346,-2.969487874278089,-2.5857981330882556,-2.7111915238049895,-2.8636893721742966,-2.32149269486742,0.5991017662885942,0.28567229814052253
Desulfobacterales,1,-3.1529297392492346,-2.969487874278089,-2.5857981330882556,-2.7111915238049895,-2.8636893721742966,-2.32149269486742,0.5991017662885942,0.28567229814052253
Kazania,1,-3.1529297392492346,-2.969487874278089,-2.5857981330882556,-2.7111915238049895,-2.8636893721742966,-2.32149269486742,0.5991017662885942,0.28567229814052253
Fibrobacterales,1,-3.1529297392492346,-2.969487874278089,-2.5857981330882556,-2.7111915238049895,-2.8636893721742966,-2.32149269486742,0.5991017662885942,0.28567229814052253
Fusibacteraceae,16,-3.1529297392492346,-2.969487874278089,-2.5857981330882556,-2.7111915238049895,-2.8636893721742966,-2.32149269486742,0.5991017662885942,0.28567229814052253
TG3,2,-3.1529297392492346,-2.969487874278089,-2.5857981330882556,-2.7111915238049895,-2.8636893721742966,-2.32149269486742,0.5991017662885942,0.28567229814052253
GWA2-38-13b,1,-3.1529297392492346,-2.969487874278089,-2.5857981330882556,-2.7111915238049895,-2.8636893721742966,-2.32149269486742,0.5991017662885942,0.28567229814052253
Victivallaceae,4,-3.1529297392492346,-2.969487874278089,-2.5857981330882556,-2.7111915238049895,-2.8636893721742966,-2.32149269486742,0.5991017662885942,0.28567229814052253
V2072-189E03,1,-3.1529297392492346,-2.969487874278089,-2.5857981330882556,-2.7111915238049895,-2.8636893721742966,-2.32149269486742,0.5991017662885942,0.28567229814052253
VHS-B3-70,1,-3.1529297392492346,-2.969487874278089,-2.5857981330882556,-2.7111915238049895,-2.8636893721742966,-2.32149269486742,0.5991017662885942,0.28567229814052253
UCG-010,1,-3.1529297392492346,-2.969487874278089,-2.5857981330882556,-2.7111915238049895,-2.8636893721742966,-2.32149269486742,0.5991017662885942,0.28567229814052253
Syntrophobotulaceae,2,-3.1529297392492346,-2.969487874278089,-2.5857981330882556,-2.7111915238049895,-2.8636893721742966,-2.32149269486742,0.5991017662885942,0.28567229814052253
Enterobacteriaceae,3,-3.1529297392492346,-2.969487874278089,-2.5857981330882556,-2.7111915238049895,-2.8636893721742966,-2.32149269486742,0.5991017662885942,0.28567229814052253
GZKB75,1,-3.1529297392492346,-2.969487874278089,-2.5857981330882556,-2.7111915238049895,-2.8636893721742966,-2.32149269486742,0.5991017662885942,0.28567229814052253
Dietziaceae,1,-3.1529297392492346,-2.969487874278089,-2.5857981330882556,-2.7111915238049895,-2.8636893721742966,-2.32149269486742,0.5991017662885942,0.28567229814052253
Erwiniaceae,1,-3.1529297392492346,-2.969487874278089,-2.5857981330882556,-2.7111915238049895,-2.8636893721742966,-2.32149269486742,0.5991017662885942,0.28567229814052253
GWB1-42-6,3,-3.1529297392492346,-2.969487874278089,-2.5857981330882556,-2.7111915238049895,-2.8636893721742966,-2.32149269486742,0.5991017662885942,0.28567229814052253
Fermentibacteraceae,4,-3.1529297392492346,-2.969487874278089,-2.5857981330882556,-2.7111915238049895,-2.8636893721742966,-2.32149269486742,0.5991017662885942,0.28567229814052253
FW22,1,-3.1529297392492346,-2.969487874278089,-2.5857981330882556,-2.7111915238049895,-2.8636893721742966,-2.32149269486742,0.5991017662885942,0.28567229814052253
AB-539-J10,1,-3.1529297392492346,-2.969487874278089,-2.5857981330882556,-2.7111915238049895,-2.8636893721742966,-2.32149269486742,0.5991017662885942,0.28567229814052253
Methanoregulaceae,1,-3.1529297392492346,-2.969487874278089,-2.5857981330882556,-2.7111915238049895,-2.8636893721742966,-2.32149269486742,0.5991017662885942,0.28567229814052253
MgMjR-022,1,-3.1529297392492346,-2.969487874278089,-2.5857981330882556,-2.7111915238049895,-2.8636893721742966,-2.32149269486742,0.5991017662885942,0.28567229814052253
RBG-13-46-9,3,-3.1529297392492346,-2.969487874278089,-2.5857981330882556,-2.7111915238049895,-2.8636893721742966,-0.1242681175312006,0.5991017662885942,0.28567229814052253
Acidaminobacteraceae,17,-3.1529297392492346,-2.969487874278089,-2.5857981330882556,-2.7111915238049895,-2.8636893721742966,-2.32149269486742,0.5991017662885942,0.28567229814052253
PRD18C08,6,-3.1529297392492346,-2.969487874278089,-2.5857981330882556,-2.7111915238049895,-2.8636893721742966,-2.32149269486742,0.5991017662885942,0.28567229814052253
Rikenellaceae,1,-3.1529297392492346,-2.969487874278089,-2.5857981330882556,-2.7111915238049895,-2.8636893721742966,-2.32149269486742,0.5991017662885942,0.28567229814052253
RF39,3,-3.1529297392492346,-2.969487874278089,-2.5857981330882556,-2.7111915238049895,-2.8636893721742966,-2.32149269486742,0.5991017662885942,0.28567229814052253
Lineage_IV,7,-3.1529297392492346,-2.969487874278089,-2.5857981330882556,-2.7111915238049895,-2.8636893721742966,-2.32149269486742,0.5991017662885942,0.28567229814052253
Marinimicrobia_(SAR406_clade),8,-3.1529297392492346,-2.969487874278089,-2.5857981330882556,-2.7111915238049895,-2.8636893721742966,-2.32149269486742,0.5991017662885942,0.28567229814052253
Corynebacteriaceae,4,-3.1529297392492346,-2.969487874278089,-2.5857981330882556,-2.7111915238049895,-2.8636893721742966,-2.32149269486742,0.5991017662885942,0.28567229814052253
Cryptosporangiaceae,1,-3.1529297392492346,-2.969487874278089,-2.5857981330882556,-2.7111915238049895,-2.8636893721742966,-2.32149269486742,0.5991017662885942,0.28567229814052253
Defluviicoccaceae,33,2.5996428995763985,2.111916490706374,2.2662321308313613,2.798196812822988,2.8920528414126156,1.8216420315241124,0.5977667198215744,0.28703415714118247
Hungateiclostridiaceae,49,1.1908756826044495,0.7440841924262189,0.5052443202700605,1.8426853677955513,1.7710396160553392,0.6742395786865707,0.5975298176100907,0.2872759941456706
Nitrosococcaceae,4,0.34357782221724564,-0.19689915203830788,-0.10089148330025521,0.42430269212416016,0.773896787552089,-2.32149269486742,0.5873833738746743,0.2976833470976668
Rickettsiaceae,59,4.378622642158055,4.58064746821034,4.493386261521413,4.204531924826325,5.4417946455533945,4.437762575796272,0.5758443924204633,0.3096345317948472
Cyanobacteriaceae,7,1.462190777592025,1.7754442540851612,1.1983915008300055,1.2008314816231564,1.3106978977213402,0.6229462842990201,-0.5754714094492865,0.3100228503500626
Syntrophaceae,36,0.34357782221724564,-2.969487874278089,0.1222520680139545,-2.7111915238049895,-2.8636893721742966,-2.32149269486742,-0.5753350846341432,0.3101648114114647
Nostocaceae,3,-3.1529297392492346,-0.19689915203830788,-2.5857981330882556,-2.7111915238049895,2.1989056608526703,-2.32149269486742,0.5714594705374849,0.31420760018210847
Marinilabiliaceae,34,0.798313979332193,0.8806597274319694,-0.5063565914084198,0.754544378994737,-0.3787827223862963,-2.32149269486742,-0.5686356153913902,0.3171616569475088
KD3-93,7,-3.1529297392492346,1.1080495696276307,1.1518714851951128,-0.4086064308109436,0.8975107435192657,-2.32149269486742,0.5680411617515598,0.3177844154928625
Subgroup_7,7,1.4522404467388572,1.2352047451128767,-0.6398879840329423,0.06139719843479163,0.5036064578121775,-0.5297332256393652,-0.566730625570467,0.31915844915196556
Parvularculaceae,14,1.9096652937777323,2.3238169504464032,0.633077691779945,1.7886181465252755,0.8975107435192657,2.2218020874025837,-0.5661585104373922,0.31975875610381155
Unknown_Family,94,4.245856536170714,5.14483683487725,4.166472243053486,4.355275446331968,3.7127801968739274,4.199128432691277,-0.5648701848601945,0.32111161321433385
Nakamurellaceae,7,-0.4448795381470245,-2.969487874278089,-0.02084877562671883,0.23324745536145075,0.4321474938300325,-2.32149269486742,0.5640373744041478,0.3219869088314917
Intrasporangiaceae,12,0.10516679877224755,-2.969487874278089,1.541336251956836,0.9776879303089467,1.4403757210298735,0.6742395786865707,0.5593816056847116,0.32689126314201056
Rhodanobacteraceae,41,3.613261975411116,3.9452430184404736,3.3003058983619002,3.2626180880642717,3.4660315333483993,3.7163782250547173,-0.5577236248037009,0.3286422776320868
Cellvibrionaceae,6,1.4320377394213377,1.6749030248632835,-2.5857981330882556,1.933199375336383,-2.8636893721742966,-0.1242681175312006,-0.5442110772239093,0.34299984391714483
Candidatus_Falkowbacteria,49,-3.1529297392492346,-0.6669027812840431,-0.28321304009420967,-0.4086064308109436,-1.2542514597401964,-2.32149269486742,0.5440565066629337,0.3431649633030267
Puniceicoccaceae,16,1.3244070752289723,1.4372313729861643,0.633077691779945,-2.7111915238049895,0.5036064578121775,0.8565611354805256,-0.5389206422550539,0.3486624976159371
Paraspirulinaceae,2,1.1097501377920809,-2.969487874278089,-2.5857981330882556,-0.9194320545769346,-2.8636893721742966,0.24345666259411658,-0.5330074708084933,0.3550186702099298
Oxalobacteraceae,34,0.24826764241292087,0.9223324238325374,2.4767968999387113,0.5846453421993396,-2.8636893721742966,0.451096027372361,-0.5319553619580863,0.356152552053577
Rhodomicrobiaceae,5,-0.26255798135307007,-2.969487874278089,0.4099341404657353,0.5469050142164926,0.46851513800090716,-2.32149269486742,0.527113657672489,0.3613819427075555
TX1A-33,1,0.14290712675509454,-2.969487874278089,0.45872430463516745,-2.7111915238049895,-2.8636893721742966,-2.32149269486742,-0.5257297419175644,0.3628800843252971
Hymenobacteraceae,11,1.335706630482905,2.1604108406449845,1.8209211141759978,1.2591003897471325,1.0281309259363298,4.2892033498503395,-0.5217887419027317,0.3671546055534638
GIF9,16,0.34357782221724564,-1.3600499618439887,-0.9763602206541553,0.507684301063211,-2.8636893721742966,-1.2228804061993104,-0.521655213293436,0.3672996470635676
Berkelbacteria,21,-0.8503446462551887,-2.969487874278089,-0.6398879840329423,-2.7111915238049895,-2.8636893721742966,-2.32149269486742,-0.5145777464043906,0.37500708179433506
SAR324_clade(Marine_group_B),27,1.3579297672676152,1.000804039274033,0.9107094283782247,1.5792679173434014,1.57896188431602,2.3228982042739523,0.5107844948061755,0.37915377209304996
Candidatus_Campbellbacteria,5,-3.1529297392492346,-2.969487874278089,0.18679058915152558,-2.7111915238049895,-0.9177792231189834,-2.32149269486742,0.5072420842541883,0.3830360801991149
Latescibacterota,79,2.5964632466590185,2.1780066025353637,1.935990443960785,2.9825406149977103,2.91396295104836,1.045803135119054,0.49876451699326774,0.39236509434183764
Mycoplasmataceae,1,-0.20849076008279432,-1.0235777252227758,-2.5857981330882556,-2.7111915238049895,-1.0719299029462417,-2.32149269486742,-0.4968869041357579,0.3944384506091093
EV818SWSAP88,6,0.5606423274550734,-0.4045385168165523,0.2474152109679606,-2.7111915238049895,-0.2987400147127599,0.24345666259411658,-0.4947339091714406,0.3968190603106066
Pseudonocardiaceae,16,0.7788958934750911,-1.177728405050034,1.439553557646894,0.28454074974900134,1.9069952522913685,-2.32149269486742,0.49277670218193076,0.3989860993148514
Fodinicurvataceae,2,-1.5434918268151343,-2.969487874278089,-1.4871858444201458,-2.7111915238049895,0.3551864526939039,-2.32149269486742,0.48741229072645853,0.40493974592820886
Anaeromyxobacteraceae,6,0.24826764241292087,0.7917122414154734,-2.5857981330882556,-2.7111915238049895,-0.465794099375926,-0.7120547824333199,-0.48164702888920174,0.41136106732824346
Planococcaceae,3,-3.1529297392492346,-2.969487874278089,-2.5857981330882556,-1.324897162685099,-2.8636893721742966,-1.6283455143074748,0.4810374160005651,0.41204141733880545
PAUC26f,4,-3.1529297392492346,-0.3304305446628306,-0.6398879840329423,-2.7111915238049895,0.3944071658471855,0.3865575062347899,0.4793444090836715,0.4139322346252805
Saprospiraceae,245,6.977294900111234,6.60660610557003,7.0973544204557015,7.312254474244522,7.012683887870259,7.199269236530034,0.47930453702878745,0.4139767893783077
Dadabacteriales,1,-3.1529297392492346,-1.5831935131581985,-2.5857981330882556,-2.7111915238049895,-1.477395011054406,-0.7120547824333199,0.4773665874210875,0.41614366813642767
Sandaracinaceae,34,2.5836425582299576,2.988936818751693,3.097781634250426,1.989288841987427,2.40931018638945,3.6080964485224745,-0.4744211979558958,0.4194419651645634
Pseudomonadaceae,22,2.906193456332562,4.5254983596724445,4.00175188173654,2.8685383021812325,2.419514356563692,3.12954575869828,-0.4723438738517943,0.4217717705080371
Desulfococcaceae,5,-0.5138724096339762,-2.969487874278089,0.18679058915152558,-0.31329625100661884,0.08074960699214362,-2.32149269486742,0.4687271007370565,0.4258351480602526
Caenarcaniphilales,2,-3.1529297392492346,-2.969487874278089,-2.5857981330882556,-1.1017536113708892,-2.8636893721742966,-0.7120547824333199,0.4677156592922827,0.4269730688757015
Babeliales,22,-0.26255798135307007,-0.6669027812840431,-2.5857981330882556,-2.7111915238049895,-0.9177792231189834,1.5703276032432063,-0.46589343028194163,0.4290249033374991
DS-100,4,0.9246077046564851,0.7440841924262189,0.7814976968982186,-2.7111915238049895,0.3944071658471855,0.511720649188796,-0.46276663083123915,0.4325508683005713
MWH-CFBk5,2,2.4889773316888792,4.325568542184541,2.3120416668626556,5.157062741715624,3.848051022881883,3.1165866140557754,0.4620393093450564,0.4333719728930795
JG30-KF-CM66,4,-3.1529297392492346,-0.3304305446628306,-2.5857981330882556,-2.7111915238049895,0.3143644581736491,-2.32149269486742,0.458806636145764,0.437025713150006
EF100-94H03,1,-3.1529297392492346,-2.969487874278089,-2.5857981330882556,-0.9194320545769346,-2.8636893721742966,-2.32149269486742,0.45864456722161306,0.4372090734929763
TA06,4,-3.1529297392492346,-2.969487874278089,-2.5857981330882556,-0.9194320545769346,-2.8636893721742966,-2.32149269486742,0.45864456722161306,0.4372090734929763
BD2-11_terrestrial_group,4,-3.1529297392492346,-2.969487874278089,-2.5857981330882556,-0.9194320545769346,-2.8636893721742966,-2.32149269486742,0.45864456722161306,0.4372090734929763
Caloramatoraceae,2,-3.1529297392492346,-2.969487874278089,-2.5857981330882556,-0.9194320545769346,-2.8636893721742966,-2.32149269486742,0.45864456722161306,0.4372090734929763
Hyphomonadaceae,80,5.454652451894683,5.646464089161412,5.901348136975685,5.799983595285685,5.626132622445808,5.272888547684397,0.456977901161251,0.4390956939249108
SJA-15,31,2.1403750854752577,1.6554849390061817,0.9107094283782247,1.810597053244051,1.3989905048670188,1.17501486659906,-0.45443321897198646,0.44197970684373766
Smithellaceae,8,-3.1529297392492346,-2.969487874278089,-2.5857981330882556,-0.7652813747496763,-2.8636893721742966,-2.32149269486742,0.4519878650722515,0.44475510952855746
B122,1,-3.1529297392492346,-2.969487874278089,-2.5857981330882556,-0.7652813747496763,-2.8636893721742966,-2.32149269486742,0.4519878650722515,0.44475510952855746
Fokiniaceae,5,1.081176765348025,-0.26143767317587896,-2.5857981330882556,1.7076490839916088,-2.8636893721742966,2.759911670117043,-0.4497136013904245,0.4473397929551875
DG-56,1,-3.1529297392492346,-2.969487874278089,-2.5857981330882556,-0.6317499821251538,-2.8636893721742966,-2.32149269486742,0.4468461574667477,0.45060334451913986
Sphingobacteriaceae,17,2.072816934463967,2.5153090592125658,1.9680787585122852,3.3408976451194277,2.4245776585202385,2.211106798285836,0.4466391894925787,0.45083910580901887
CK-2C2-2,1,-3.1529297392492346,-2.969487874278089,-2.5857981330882556,-0.51396694646877,-2.8636893721742966,-2.32149269486742,0.4427244822917441,0.45530353581348976
Ilumatobacteraceae,60,5.019234712862669,5.010877890833157,4.771758067822097,5.15553076133174,5.169320126422371,4.798142943150216,0.4399450643112274,0.45847910820889
Beggiatoaceae,4,-1.3611702700211796,-2.969487874278089,-0.7940386638602006,-2.7111915238049895,-2.8636893721742966,0.8973831300007804,-0.4366941940972858,0.46219944094763665
Ectothiorhodospiraceae,3,-3.1529297392492346,-0.3304305446628306,-2.5857981330882556,-1.324897162685099,-1.0719299029462417,-0.018907601873374258,0.43483549943858324,0.46432949096891674
Desulfomicrobiaceae,3,-3.1529297392492346,-2.969487874278089,-2.5857981330882556,-0.22628487401698916,-2.8636893721742966,-0.9351983337475296,0.4340071919189058,0.4652794099782019
GWF2-44-16,9,-1.766635378129344,-2.969487874278089,-2.5857981330882556,-2.7111915238049895,-0.5611042791802507,-2.32149269486742,0.4305909519791574,0.4692016559201726
Promicromonosporaceae,1,-3.1529297392492346,-2.969487874278089,-2.5857981330882556,-0.0721341941897311,-2.8636893721742966,-2.32149269486742,0.42998900443307836,0.4698934992122769
TSAC18,1,-3.1529297392492346,-2.969487874278089,-2.5857981330882556,-0.0721341941897311,-2.8636893721742966,-2.32149269486742,0.42998900443307836,0.4698934992122769
R7C24,17,0.7182712716586566,1.0558638164570606,1.306022165022371,1.2591003897471325,0.942973117596023,1.3160934648589655,0.42978209070774814,0.47013136450656284
Ktedonobacteraceae,1,-3.1529297392492346,-2.969487874278089,-2.5857981330882556,-0.0031413227027794477,-2.8636893721742966,-2.32149269486742,0.42831536408447135,0.4718182370782432
Gallionellaceae,3,-3.1529297392492346,-0.5715926014797184,-0.5063565914084198,-2.7111915238049895,-0.22463204255903824,-0.3755825458121069,0.4248960293217949,0.47575582340159583
Candidatus_Buchananbacteria,4,-3.1529297392492346,-2.969487874278089,-2.5857981330882556,0.179180234091175,-2.8636893721742966,-2.32149269486742,0.42422049398083916,0.47653457503057095
Chroococcidiopsaceae,2,-3.1529297392492346,-2.969487874278089,-2.5857981330882556,0.179180234091175,-2.8636893721742966,-2.32149269486742,0.42422049398083916,0.47653457503057095
Ruminococcaceae,2,-3.1529297392492346,-2.969487874278089,-2.5857981330882556,0.23324745536145075,-2.8636893721742966,-2.32149269486742,0.4230896727682021,0.4778387854215377
Subgroup_25,1,-3.1529297392492346,-2.969487874278089,-2.5857981330882556,0.28454074974900134,-2.8636893721742966,-2.32149269486742,0.422049318719224,0.479039328805433
Candidatus_Magasanikbacteria,20,0.6972178624608238,-0.0791161163819245,-2.5857981330882556,-2.7111915238049895,-0.0911006499345155,-1.2228804061993104,-0.4211445552090728,0.4800839256392618
LWQ8,4,0.653732750521085,-0.19689915203830788,-0.10089148330025521,-2.7111915238049895,0.18083306554912637,-2.32149269486742,-0.4161254290080749,0.48588752390531686
Bernardetiaceae,7,1.0955655028001248,1.0558638164570606,1.6626971089611038,3.3049656358933643,1.213848071731423,-2.32149269486742,0.4149514831256123,0.4872470794824992
JGI_0000069-P22,11,-1.3611702700211796,-2.969487874278089,-0.6398879840329423,-2.7111915238049895,-2.8636893721742966,-2.32149269486742,-0.4145502713449326,0.48771190949653725
Bacteroidetes_BD2-2,43,2.104565632778547,3.4825610801591367,1.8330424747083427,0.9263946359213961,2.192556433174011,1.2620262435886898,-0.41011025648486277,0.4928621655363823
Desulfitobacteriaceae,3,-0.38034101700945344,-2.969487874278089,-2.5857981330882556,-0.6317499821251538,0.3143644581736491,-2.32149269486742,0.4084495936683472,0.4947913822068709
CCM19a,11,1.7743239459079705,2.506975677653422,2.2263862222841615,1.7661452906732173,2.6814880723052656,2.2002958821816203,0.4069691903319671,0.49651251367037125
Babeliaceae,5,-3.1529297392492346,-2.969487874278089,-1.199503771968365,0.23324745536145075,-2.8636893721742966,-2.32149269486742,0.4067270590274774,0.4967941363463433
Sulfurovaceae,16,0.34357782221724564,-2.969487874278089,-0.7940386638602006,0.5469050142164926,0.3944071658471855,-2.32149269486742,0.3858536599573883,0.5211943778047459
Bacteroidetes_vadinHA17,63,2.8897030944331465,2.7540972276742917,2.8948407902537356,2.4478637754095396,3.51473681147729,2.1893668116494296,0.3841205915582616,0.5232309073677687
Paracaedibacteraceae,43,2.730392649239044,2.5399004623498884,2.8303022691161646,2.0161962949073513,3.760375855625597,2.966774335827115,0.38322009856071915,0.5242897057944375
Rubinisphaeraceae,64,4.720668050436306,4.506984506885816,5.8110337016567986,5.914138326215825,4.811856630363551,6.67701491694042,0.3818334959505103,0.525920908453058
T34,13,3.6190058165903674,3.046669285420265,3.2253428598884453,4.182464830797645,3.5756609989258017,2.3698551873617233,0.38001563454516346,0.5280609764349269
Methanosarcinaceae,3,-0.6680230894612342,-2.969487874278089,-2.5857981330882556,-1.1017536113708892,-2.8636893721742966,-2.32149269486742,-0.3719666698467695,0.537557217823063
Simkaniaceae,18,-0.38034101700945344,1.0735633935564612,-0.02084877562671883,0.844156537684424,0.4321474938300325,0.6229462842990201,0.3680827490320032,0.54215137740732
WCHB1-41,90,0.990204987142298,-0.5715926014797184,0.3586408460781847,0.06139719843479163,0.026682385721867874,-2.32149269486742,-0.360215430217271,0.5514805676051278
Nitrospiraceae,21,2.9292891711272118,2.7735153135313935,2.4640578741612815,2.572012204932999,2.816483236842771,2.3228982042739523,-0.3571926756599776,0.555073131231811
Pirellulaceae,456,5.683734847108191,5.563775497315643,5.799234154725642,5.733215897885595,5.436342339605278,6.6237095690918775,-0.3567020977806179,0.5556566070110539
Chloroplast,463,9.094989975232831,9.1442775779669,9.48428868157528,9.195484028937924,9.239569511964628,9.294693081875595,0.355810450110194,0.5567174003007189
RCP2-54,4,-3.1529297392492346,-1.0235777252227758,-2.5857981330882556,-2.7111915238049895,-1.2542514597401964,-2.32149269486742,0.3525151402827732,0.5606411661594346
Syntrophorhabdaceae,3,-3.1529297392492346,-2.969487874278089,-0.388573555752036,-0.31329625100661884,-2.8636893721742966,-2.32149269486742,0.3521505694963689,0.5610755860617158
Aeromonadaceae,17,2.2981087143164656,1.4964202443764947,0.940562391527906,2.4363029530084632,1.068136260550029,1.1124945096177261,-0.3483826298443277,0.5655691516203885
Polyangiaceae,2,-0.7550344664508639,-2.969487874278089,-2.5857981330882556,-2.7111915238049895,0.9649520243147984,-2.32149269486742,0.34676502779676893,0.5675003358945597
GIF3,22,-0.4448795381470245,-1.3600499618439887,0.5052443202700605,0.42430269212416016,-2.8636893721742966,-0.3755825458121069,-0.3437905253568809,0.5710546742406051
EC3,8,-0.8503446462551887,0.4962480285216375,-0.9763602206541553,1.1600094871029016,-2.8636893721742966,0.5688790630287444,-0.34273206306419013,0.5723204653484615
Hydrogenedensaceae,34,1.4320377394213377,0.814701759640172,1.1030813210256807,1.4159428612401022,1.4267700689740943,1.2894252177768042,0.33972650153809364,0.5759175792392728
Oscillatoriaceae,1,-3.1529297392492346,2.3870984003939233,-2.5857981330882556,-2.7111915238049895,2.459320606964112,-0.1242681175312006,0.3365880637093528,0.5796781554940313
Alcaligenaceae,4,-0.20849076008279432,-0.5715926014797184,-0.10089148330025521,-2.7111915238049895,-0.2987400147127599,0.511720649188796,-0.3351447376156919,0.5814091025064025
Pla3_lineage,4,0.373430785366927,-0.02504889511164876,0.1222520680139545,-2.7111915238049895,0.3551864526939039,-2.32149269486742,-0.3272730113387597,0.5908659642731879
Entotheonellaceae,3,-3.1529297392492346,0.12155457908022704,-2.5857981330882556,-2.7111915238049895,-0.15563917107208658,-2.32149269486742,0.322347510848231,0.5967972615986022
Micromonosporaceae,7,-0.01743552332008491,0.02624439927590183,-2.5857981330882556,0.7853160376614907,1.068136260550029,-2.32149269486742,0.32085528958792586,0.598596281668073
ADurb.Bin180,5,0.9742046457958571,-2.969487874278089,-1.199503771968365,0.8723274146511204,-2.8636893721742966,-2.32149269486742,-0.315276477666433,0.6053305576487819
Sutterellaceae,10,1.9887338172534257,2.455462143203314,2.319476645350174,2.2160621613522156,2.2779741843283636,2.2532182836359627,0.3131803977491559,0.607864186663069
Pla4_lineage,30,1.9469366885749642,0.8806597274319694,1.05178802663813,0.179180234091175,1.624946997557843,-0.018907601873374258,-0.30993793273993986,0.6117871336383297
NB1-j,67,3.4537204469489806,3.342246934874826,3.1443016498853185,3.5014145719465293,3.227620509903401,3.2197708502910056,-0.30934643555114183,0.6125032378806106
Candidatus_Abawacabacteria,2,-0.38034101700945344,-2.969487874278089,-2.5857981330882556,-0.51396694646877,-2.8636893721742966,-2.32149269486742,-0.30528222687333295,0.6174275306455106
S0134_terrestrial_group,3,-1.3611702700211796,-2.969487874278089,-2.5857981330882556,-2.7111915238049895,-0.465794099375926,-2.32149269486742,0.30380442632739124,0.6192197459699254
Subgroup_9,2,0.5106319068804117,0.3627166358971148,-2.5857981330882556,-2.7111915238049895,0.4321474938300325,-2.32149269486742,-0.3022077062946469,0.621157178354078
SC-I-84,24,2.906193456332562,2.933145459123277,3.0089132465135835,3.108891406547372,2.9015017306105477,2.9360026771603613,0.2992225092454797,0.6247821206071479
UASB-TL25,8,-0.6680230894612342,0.20856595606985673,-1.199503771968365,-2.7111915238049895,-0.22463204255903824,-2.32149269486742,-0.2844734831204529,0.6427434183444356
DEV007,50,3.8215491717758105,3.6572298749709358,3.6387602961871046,4.382213102063776,3.7334563297123546,5.070538872647171,0.2817613041281868,0.6460553817289618
Spirochaetaceae,121,2.4746913744414023,2.7276056122273156,2.193325360023274,2.8909272970747115,2.6293720711662516,1.367386759246516,0.2817499239394481,0.6460692844022714
Ignavibacteriaceae,11,2.1846083404520833,2.2234689766121214,1.856853123402061,2.481765327085221,2.254304440242459,2.022312726986264,0.2805930805392504,0.6474828010944099
Diplorickettsiaceae,39,1.8510165666962246,1.3999599781889325,2.9976981756934435,1.5373037182443698,1.161662318560853,1.4397074208261422,-0.2726429978453289,0.6572101557251091
Chitinimonadaceae,2,-3.1529297392492346,0.24938795059011154,-2.5857981330882556,-2.7111915238049895,-2.8636893721742966,-2.32149269486742,-0.2704592798237956,0.6598860751131679
Hydrogenophilaceae,82,4.706483415444349,4.694858757820528,4.649100287226576,4.570882134288475,4.8576592404436525,4.542310696585535,0.26860915208951885,0.6621545496258723
Arcobacteraceae,4,-0.5138724096339762,-2.969487874278089,0.05325919652700284,-2.7111915238049895,-1.7650770835061869,1.2048678297487414,-0.2672949955447658,0.6637665990809576
Thalassobaculaceae,1,0.4846564204771511,1.5843890173224517,0.6722984049332266,1.4784632182214357,0.942973117596023,1.4161769234159483,0.26423293421185096,0.6675251290622001
Bathyarchaeia,15,0.14290712675509454,0.46449933020705725,-0.28321304009420967,-0.14624216634345277,0.8251900819396396,0.24345666259411658,0.26365578530975087,0.6682339185798585
Gloeocapsaceae,9,0.6312598946690264,1.3071782447379663,1.1983915008300055,0.37985092955332656,0.773896787552089,0.1634139549205802,-0.26108834062324426,0.6713883670893577
Blastocatellaceae,14,2.467471126467915,2.6399839209068707,2.7801778819335956,1.0500085918885729,2.67364489484424,2.7347531104808875,-0.2585965165856411,0.6744520764859444
Kordiimonadaceae,1,-3.1529297392492346,-0.13627453022187286,-2.5857981330882556,-2.7111915238049895,-2.8636893721742966,-2.32149269486742,-0.25822992826685065,0.6749029776571377
Zixibacteria,52,2.2894879712725587,1.4613289245652243,0.9107094283782247,2.3060883130099348,2.4041687868890316,1.4161769234159483,0.25760186612801933,0.6756755961361708
Trueperaceae,3,-3.1529297392492346,-2.969487874278089,0.05325919652700284,-1.324897162685099,-2.8636893721742966,-2.32149269486742,0.25378017822776416,0.6803797666644774
Lineage_IIc,1,-3.1529297392492346,-0.3304305446628306,-2.5857981330882556,-2.7111915238049895,-2.8636893721742966,-2.32149269486742,-0.25062998417552684,0.6842610576787541
WX65,1,-3.1529297392492346,-0.3304305446628306,-2.5857981330882556,-2.7111915238049895,-2.8636893721742966,-2.32149269486742,-0.25062998417552684,0.6842610576787541
Procabacteriaceae,1,-3.1529297392492346,-0.4045385168165523,-2.5857981330882556,-2.7111915238049895,-2.8636893721742966,-2.32149269486742,-0.2474061415853669,0.6882364760331184
Magnetospiraceae,1,-0.5879803817876978,-2.969487874278089,-2.5857981330882556,-0.4086064308109436,-2.8636893721742966,-2.32149269486742,-0.24714208229974735,0.6885622459235329
Roseiflexaceae,21,2.94289482318299,2.5911937567374386,2.3414555520689495,3.0695519919873395,2.459320606964112,1.3160934648589655,-0.24685780839170454,0.6889129798991511
Candidatus_Moranbacteria,56,0.10516679877224755,-0.26143767317587896,0.5496960828408941,1.1600094871029016,-0.15563917107208658,-0.1242681175312006,0.2439433828803793,0.6925102717014878
Paludibacteraceae,34,-3.1529297392492346,-0.48458122449008867,-2.5857981330882556,-2.7111915238049895,-2.8636893721742966,-2.32149269486742,-0.2436942992942711,0.6928178436463132
Iainarchaeales,8,-3.1529297392492346,-0.48458122449008867,-2.5857981330882556,-2.7111915238049895,-2.8636893721742966,-2.32149269486742,-0.2436942992942711,0.6928178436463132
UBA12409,4,-3.1529297392492346,-0.8900463325982533,-2.5857981330882556,1.5229149807922702,-2.8636893721742966,-2.32149269486742,0.24234522978963974,0.6944840381363895
S085,13,0.8544034459832366,0.16600634165106065,0.5052443202700605,-2.7111915238049895,1.1252946743899779,-2.32149269486742,-0.23799866412136916,0.6998562680716663
Methylomirabilaceae,6,1.0955655028001248,1.3999599781889325,1.4746448774581635,0.6561043061814846,1.7902709779832264,0.974344171136909,0.2379773599675934,0.6998826140013473
Peptococcaceae,2,-3.1529297392492346,-0.6669027812840431,-2.5857981330882556,-2.7111915238049895,-2.8636893721742966,-2.32149269486742,-0.23421255093832083,0.7045406022484383
Gitt-GS-136,3,0.10516679877224755,-2.969487874278089,-0.5063565914084198,0.5469050142164926,-2.8636893721742966,-2.32149269486742,-0.22965919181864652,0.7101800216679295
Subgroup_5,1,-3.1529297392492346,-0.7722632969418695,-2.5857981330882556,-2.7111915238049895,-2.8636893721742966,-2.32149269486742,-0.22796912626046992,0.7122747911563868
Spiroplasmataceae,2,-3.1529297392492346,-0.13627453022187286,-0.6398879840329423,-2.7111915238049895,-2.8636893721742966,-2.32149269486742,-0.22525668908582894,0.7156385270039565
Christensenellaceae,10,0.4024183222401789,-1.177728405050034,-0.7940386638602006,-2.7111915238049895,0.27180484375485303,-0.1242681175312006,-0.22451300130651797,0.7165611653432019
JG30-KF-CM45,31,2.540802399553465,1.8825423896415279,2.0193720528998362,1.8839283263296003,2.850043433335072,0.8140015210617295,0.22400162184465838,0.7171956901329474
Kiritimatiellaceae,12,-0.06188728589091852,0.16600634165106065,-0.02084877562671883,-2.7111915238049895,0.46851513800090716,-2.32149269486742,-0.2224181838943087,0.7191609204363578
Gastranaerophilales,22,-1.0734881975693988,0.6140310641780209,-0.02084877562671883,1.0023805428993184,-0.6664647948380771,0.1634139549205802,0.22046112398169107,0.7215908646930222
Acidobacteriaceae_(Subgroup_1),1,-3.1529297392492346,-0.8900463325982533,-2.5857981330882556,-2.7111915238049895,-2.8636893721742966,-2.32149269486742,-0.22019296754215517,0.7219239018579043
Thermotaleaceae,1,-3.1529297392492346,-0.8900463325982533,-2.5857981330882556,-2.7111915238049895,-2.8636893721742966,-2.32149269486742,-0.22019296754215517,0.7219239018579043
NS7_marine_group,1,1.335706630482905,-0.48458122449008867,0.940562391527906,-1.324897162685099,0.9649520243147984,-2.32149269486742,-0.21978070435154148,0.7224359528520549
RBG-13-54-9,27,0.7388905588613919,0.16600634165106065,-0.02084877562671883,1.3996823403683218,0.5036064578121775,-0.018907601873374258,0.21733707260264928,0.7254720603707553
Caldilineaceae,118,4.258022136334402,4.281857109094125,4.414536327186974,4.652088063158049,4.196786993825504,4.0241436659611765,0.216113649668432,0.7269927480213065
Methylopilaceae,2,0.4846564204771511,-0.02504889511164876,-2.5857981330882556,0.5469050142164926,-0.6664647948380771,-2.32149269486742,-0.212078404751099,0.7320114447781653
Prolixibacteraceae,55,2.3277091840927566,3.1150115387970825,2.671697238939526,2.726887785118206,2.708464660003468,2.5837820835710095,0.21141080965856632,0.7328421793194122
Methanomicrobiales,1,-3.1529297392492346,-1.0235777252227758,-2.5857981330882556,-2.7111915238049895,-2.8636893721742966,-2.32149269486742,-0.21016746220845828,0.734389689024266
Synechococcales_Incertae_Sedis,1,-3.1529297392492346,-1.0235777252227758,-2.5857981330882556,-2.7111915238049895,-2.8636893721742966,-2.32149269486742,-0.21016746220845828,0.734389689024266
AKAU3564_sediment_group,19,0.6972178624608238,-1.5831935131581985,-2.5857981330882556,1.0729981101132715,0.4321474938300325,-2.32149269486742,0.21006277430886705,0.7345200062569275
Arenicellaceae,22,4.020262003237364,3.9678262069455927,3.986484409605752,3.904873661327828,4.020797279868486,3.6823943722391186,-0.20491567773756747,0.7409308638750688
IMCC26256,16,2.0565564135921868,1.2201668677483362,1.4572531347462947,0.46686230654295624,2.0115079510268545,0.6742395786865707,-0.20441343487196595,0.7415568030380223
Thermoanaerobaculaceae,56,2.828484472005246,3.091969044649928,2.4314817037266687,2.853328883517704,2.7992711079616495,2.655241047553154,-0.19817525084134197,0.7493369111595608
Deep_Sea_Euryarchaeotic_Group(DSEG),1,-3.1529297392492346,-1.177728405050034,-2.5857981330882556,-2.7111915238049895,-2.8636893721742966,-2.32149269486742,-0.19662427731367635,0.7512728145587991
Actinomycetaceae,2,-3.1529297392492346,-1.177728405050034,-2.5857981330882556,-2.7111915238049895,-2.8636893721742966,-2.32149269486742,-0.19662427731367635,0.7512728145587991
OPB41,5,-0.15719746569524373,-2.969487874278089,-2.5857981330882556,0.37985092955332656,-0.9177792231189834,-2.32149269486742,0.19597847038686744,0.7520790831150848
Halothiobacillaceae,10,0.6312598946690264,-0.8900463325982533,-0.28321304009420967,1.180628774305637,0.08074960699214362,-0.7120547824333199,0.191354078573676,0.7578555621147895
Subgroup_17,41,3.3255799029593343,3.388354392230011,3.073684082671366,3.177686434527891,3.3509187262478948,3.2694942856434364,-0.19057503045396762,0.7588292226856843
Gimesiaceae,1,-3.1529297392492346,-0.5715926014797184,-2.5857981330882556,0.8997263888392348,-2.8636893721742966,-2.32149269486742,0.18503866195978252,0.7657529042496786
Shewanellaceae,4,-0.26255798135307007,-2.969487874278089,-2.5857981330882556,0.37985092955332656,-2.8636893721742966,-2.32149269486742,-0.18405815389161026,0.7669798822355463
CPla-3_termite_group,2,-3.1529297392492346,-0.48458122449008867,-0.1879028602898849,-2.7111915238049895,-2.8636893721742966,-2.32149269486742,-0.18324702760870215,0.767995074303626
Myxococcaceae,26,1.5744580794631062,2.0994163279421425,-0.7940386638602006,0.12202182025122665,1.8458408291380373,2.097347912929178,-0.1816284948163043,0.7700212687850052
Micropepsaceae,3,0.7788958934750911,-2.969487874278089,0.05325919652700284,0.7853160376614907,-0.22463204255903824,4.050119152364436,0.17840303934218005,0.7740609549275305
Dehalococcoidia,1,-3.1529297392492346,-1.3600499618439887,-2.5857981330882556,-2.7111915238049895,-2.8636893721742966,-2.32149269486742,-0.17707402230663355,0.7757261688917124
Thermoanaerobacteraceae,1,-3.1529297392492346,-1.3600499618439887,-2.5857981330882556,-2.7111915238049895,-2.8636893721742966,-2.32149269486742,-0.17707402230663355,0.7757261688917124
SBR1031,88,3.089293526205931,2.26695408855186,2.326856752647797,2.3947539500955908,3.2869133962719825,1.8056416901776715,0.173167311954213,0.7806234776040637
Acanthopleuribacteraceae,7,0.9742046457958571,-2.969487874278089,0.45872430463516745,-1.324897162685099,-0.6664647948380771,-0.018907601873374258,-0.1662925480092332,0.7892496770452446
Sulfurimonadaceae,20,-1.0734881975693988,-0.3304305446628306,-2.5857981330882556,-2.7111915238049895,0.8975107435192657,-2.32149269486742,0.1613031092868526,0.795516620164872
Geobacteraceae,43,0.6312598946690264,0.4962480285216375,-2.5857981330882556,-0.22628487401698916,0.3143644581736491,-2.32149269486742,-0.16090215052682574,0.7960204681691082
Kiloniellaceae,2,-0.7550344664508639,-2.969487874278089,-2.5857981330882556,-0.0721341941897311,-2.8636893721742966,-2.32149269486742,-0.15575344411515768,0.8024933096848909
Labraceae,1,0.10516679877224755,-0.8900463325982533,-2.5857981330882556,-2.7111915238049895,0.3143644581736491,-2.32149269486742,-0.1541003635321977,0.8045726639062853
Omnitrophales,1,-3.1529297392492346,-2.969487874278089,-0.9763602206541553,-2.7111915238049895,-2.8636893721742966,-2.32149269486742,0.14935175874784906,0.8105487710639492
Caedibacteraceae,2,-0.3197163951930184,-2.969487874278089,-0.1879028602898849,-2.7111915238049895,0.27180484375485303,0.7230297428560029,0.1488303421160979,0.8112052393650735
MVP-88,5,-1.5434918268151343,-1.8708755856099792,-1.4871858444201458,-0.14624216634345277,-2.8636893721742966,-2.32149269486742,-0.14859430118327666,0.8115024341972393
AT-s3-28,2,0.21436609073723956,-1.177728405050034,-0.6398879840329423,-2.7111915238049895,0.3944071658471855,-0.7120547824333199,-0.14812351697720372,0.8120952218169858
Thiotrichaceae,9,3.276789738789903,3.1012498537244007,2.931654763376452,2.19408325463344,3.497613105398699,3.2039602442643633,-0.14805250231577866,0.8121846435526917
Kineosporiaceae,9,1.491461159892138,1.2048993956175478,1.2854028778196356,0.844156537684424,1.5430298750899567,-0.1242681175312006,-0.14646687107519074,0.8141815215372208
Moduliflexaceae,2,-3.1529297392492346,-1.5831935131581985,-2.5857981330882556,-2.7111915238049895,-2.8636893721742966,-2.32149269486742,-0.14584758991983562,0.8149615474454873
Methanobacteriaceae,1,-3.1529297392492346,-1.5831935131581985,-2.5857981330882556,-2.7111915238049895,-2.8636893721742966,-2.32149269486742,-0.14584758991983562,0.8149615474454873
Izemoplasmataceae,20,-3.1529297392492346,-1.5831935131581985,-2.5857981330882556,-2.7111915238049895,-2.8636893721742966,-2.32149269486742,-0.14584758991983562,0.8149615474454873
Acidothermaceae,1,-3.1529297392492346,-1.5831935131581985,-2.5857981330882556,-2.7111915238049895,-2.8636893721742966,-2.32149269486742,-0.14584758991983562,0.8149615474454873
OLB14,8,1.547550626543182,1.594860317189747,-2.5857981330882556,1.4935010955859762,0.773896787552089,1.17501486659906,-0.14538656446233297,0.8155422865106337
Vampirovibrionales,2,-3.1529297392492346,-0.5715926014797184,0.7464063770869482,-2.7111915238049895,-2.8636893721742966,-2.32149269486742,-0.144046642261974,0.8172303690552414
Coxiellaceae,40,2.4230193638970814,3.161738615205052,2.0963330940359644,3.6773698817406406,1.8184418549499233,2.3698551873617233,-0.14258291031204712,0.8190748117944576
Xenococcaceae,2,-3.1529297392492346,-1.0235777252227758,-0.28321304009420967,-2.7111915238049895,-2.8636893721742966,-2.32149269486742,-0.13776702519415335,0.8251460405054615
Desulfobulbaceae,11,0.8901215285853157,-2.969487874278089,0.3586408460781847,0.6210129863702143,-0.22463204255903824,-2.32149269486742,0.13731213499504036,0.8257197202810677
Thermoactinomycetaceae,4,-3.1529297392492346,-2.969487874278089,-0.7940386638602006,-2.7111915238049895,-2.8636893721742966,-2.32149269486742,0.13693946020254782,0.8261897422235485
Desulfurivibrionaceae,1,-3.1529297392492346,-2.969487874278089,-0.7940386638602006,-2.7111915238049895,-2.8636893721742966,-2.32149269486742,0.13693946020254782,0.8261897422235485
JTB23,2,-3.1529297392492346,-2.969487874278089,-0.7940386638602006,-2.7111915238049895,-2.8636893721742966,0.07640257793095051,0.13693946020254782,0.8261897422235485
Sericytochromatia,12,0.5606423274550734,2.424139672074273,2.326856752647797,1.5654745952110658,0.6020465306254299,2.3698551873617233,-0.1365014439261539,0.8267422048795161
Candidatus_Nomurabacteria,50,0.025124091098711165,0.9017131366298021,0.969549928401158,-0.31329625100661884,0.3944071658471855,-0.7120547824333199,-0.13610682522271014,0.827239959723119
CG1-02-32-21,3,-3.1529297392492346,-1.177728405050034,-2.5857981330882556,-0.9194320545769346,-2.8636893721742966,-2.32149269486742,0.12967068867373144,0.8353620092502869
Nitrococcaceae,1,-3.1529297392492346,-1.177728405050034,-0.5063565914084198,-2.7111915238049895,-2.8636893721742966,-2.32149269486742,-0.12930968486851768,0.8358177836864994
Peptostreptococcales-Tissierellales,4,-3.1529297392492346,-2.969487874278089,-0.6398879840329423,-2.7111915238049895,-2.8636893721742966,-2.32149269486742,0.12793017504919096,0.8375596408864429
OM182_clade,1,-3.1529297392492346,-2.969487874278089,-0.6398879840329423,-2.7111915238049895,-2.8636893721742966,-2.32149269486742,0.12793017504919096,0.8375596408864429
PBS-18,1,-3.1529297392492346,-2.969487874278089,-0.6398879840329423,-2.7111915238049895,-2.8636893721742966,-2.32149269486742,0.12793017504919096,0.8375596408864429
Thermomicrobiaceae,3,-0.7550344664508639,-2.969487874278089,-0.6398879840329423,0.12202182025122665,-2.8636893721742966,-2.32149269486742,-0.12655248827122073,0.8392995081277754
Chromobacteriaceae,8,1.0955655028001248,0.5270196871883912,1.0777635130413907,1.6062965897313206,0.7198295662818133,-2.32149269486742,0.1252623886733091,0.8409290419680362
Fusobacteriaceae,4,1.1511353539549356,-2.969487874278089,-0.6398879840329423,-2.7111915238049895,0.3551864526939039,-2.32149269486742,-0.11523248527767391,0.85360679374689
Micrococcaceae,9,0.7788958934750911,0.02624439927590183,-2.5857981330882556,-0.9194320545769346,0.7472285404699277,-2.32149269486742,-0.11327418249800975,0.8560838542928157
Magnetospirillaceae,2,-0.20849076008279432,-2.969487874278089,-2.5857981330882556,-2.7111915238049895,-0.7842478304944609,-2.32149269486742,-0.11194413035288003,0.8577665575686955
Candidatus_Kuenenbacteria,4,-3.1529297392492346,-2.969487874278089,-0.28321304009420967,-2.7111915238049895,-2.8636893721742966,-2.32149269486742,0.1109918775941278,0.8589714474566136
Lineage_IIa,2,-3.1529297392492346,-2.969487874278089,-0.28321304009420967,-2.7111915238049895,-2.8636893721742966,-2.32149269486742,0.1109918775941278,0.8589714474566136
Nitrosomonadaceae,83,3.9618397091172284,3.95217030987304,3.54107105102593,3.6756877955576557,4.02691974797287,4.212296143065924,-0.10956101386406752,0.860782168142879
Exiguobacteraceae,1,-3.1529297392492346,-2.969487874278089,-0.1879028602898849,-2.7111915238049895,-2.8636893721742966,-2.32149269486742,0.107192766396375,0.8637797529956874
Rickettsiales,9,1.0367250027771906,0.5270196871883912,1.9250613734285942,-2.7111915238049895,3.3765864729964727,0.974344171136909,0.1010280082961465,0.8715862995532665
Peptostreptococcaceae,10,2.352401796683128,1.693951219833978,2.514068294735943,2.1009928315674276,2.0489655135617557,1.2048678297487414,-0.10070042293198087,0.8720012670924896
Saccharimonadaceae,1,-3.1529297392492346,-2.969487874278089,0.05325919652700284,-2.7111915238049895,-2.8636893721742966,-2.32149269486742,0.09864111288052191,0.8746102053148985
Legionellaceae,71,2.9717536516449705,3.897445410183793,2.7707881415837567,3.2023114818332803,3.4552787415721378,3.276929264130955,0.09797836440006095,0.8754499552094901
Leeiaceae,1,-3.1529297392492346,-2.969487874278089,0.2474152109679606,-2.7111915238049895,-2.8636893721742966,-2.32149269486742,0.09268192121924487,0.882162875634282
Solibacteraceae,2,-1.0734881975693988,-2.969487874278089,-2.5857981330882556,-2.7111915238049895,-0.9177792231189834,-0.9351983337475296,0.09235670544776187,0.8825751771890056
Subgroup_2,2,-0.955705161913015,-2.969487874278089,-2.5857981330882556,0.06139719843479163,-2.8636893721742966,-2.32149269486742,-0.09204720779470865,0.8829675632518041
Phormidesmiaceae,8,-0.5138724096339762,1.3071782447379663,0.4099341404657353,-0.6317499821251538,0.22735308118401942,0.8565611354805256,-0.09196008805508332,0.8830780170828288
Bradymonadales,20,1.8709507815970419,3.3512804199724933,3.243147484521952,2.223282409325702,2.6127741797572144,3.1633042386232346,0.08799629089177369,0.8881044056244409
Desulfobacteraceae,14,-3.1529297392492346,-1.5831935131581985,-0.7940386638602006,-2.7111915238049895,-2.8636893721742966,-0.5297332256393652,-0.08727064385879463,0.8890247735753586
Alcanivoracaceae,1,-3.1529297392492346,-1.5831935131581985,-0.6398879840329423,-2.7111915238049895,-2.8636893721742966,-2.32149269486742,-0.08261976562535801,0.894925047080354
Silvanigrellaceae,13,0.9742046457958571,2.506975677653422,2.9356627847739905,1.0023805428993184,1.493019454515295,1.3420689512622261,-0.08254376991448661,0.8950214773182218
TK10,6,0.6972178624608238,-0.48458122449008867,-2.5857981330882556,0.28454074974900134,0.6626711524418649,-2.32149269486742,0.08072094284693071,0.8973346265332277
Dongiaceae,9,2.407751891766293,2.2508679508002354,2.5201473408123247,1.989288841987427,2.483418158543172,2.3698551873617233,-0.08038761354365717,0.8977576553503281
Aminicenantales,40,1.9828686978010275,2.451047124994197,1.6483083715090041,2.6547844912168617,1.7710396160553392,0.936603843154062,-0.07993331752744448,0.8983342216017988
Lenti-02,13,-1.0734881975693988,-0.0791161163819245,-2.5857981330882556,-0.14624216634345277,-0.7842478304944609,-2.32149269486742,0.07964960186016748,0.898694307828572
Paenibacillaceae,4,-0.26255798135307007,-0.6669027812840431,-2.5857981330882556,-0.6317499821251538,-0.030476028118080478,-2.32149269486742,0.07788705584572958,0.9009314781511529
Subgroup_18,15,1.1778036010370965,0.6414300383661353,0.7100387329160736,0.8997263888392348,1.1066025413778253,-0.2420511531875844,0.0776869855294833,0.9011854437344682
Calditrichaceae,17,1.3014175570042728,-0.3304305446628306,1.0777635130413907,0.6561043061814846,0.6626711524418649,-0.5297332256393652,-0.07352474877381904,0.9064697959045099
SB-5,43,1.9469366885749642,2.3583882945114922,1.3460274996360702,1.9235374644246463,2.254304440242459,0.7695497584908959,0.07203342244585942,0.9083635758862325
Vermiphilaceae,14,-0.26255798135307007,1.0558638164570606,-2.5857981330882556,0.23324745536145075,-0.15563917107208658,2.925531377293066,-0.07095824765691376,0.9097290275833346
Woesearchaeales,155,2.554180525499641,3.0194735426117747,3.020003933207742,3.12653892336095,2.5612606453071063,1.8373903884922513,0.0694388577351096,0.9116588022746837
Propionibacteriaceae,4,0.8360543073150399,1.2646186303191707,1.1754019826053068,1.240052194776438,0.7998722739553497,0.24345666259411658,-0.06763784084824331,0.9139465355579738
Woeseiaceae,5,1.005953344110437,1.1893952090815825,0.7814976968982186,1.4784632182214357,0.7998722739553497,0.974344171136909,-0.06679608980282642,0.9150158623536014
BSV26,42,2.2406978071031274,2.080368132971448,2.0681622170692675,1.6955277234592638,2.48816876130177,1.8831999245235456,0.06020844499545375,0.9233865681280773
S-70,3,-1.3611702700211796,-2.969487874278089,-0.5063565914084198,-0.4086064308109436,-2.8636893721742966,-2.32149269486742,-0.056671218830285086,0.927882604811299
Francisellaceae,3,1.6673518263558025,1.7926860605196673,-2.5857981330882556,2.1250903831464885,1.8548094991207975,0.31756463474783825,0.05605193345587367,0.9286698500475239
Sva0485,48,1.7597251464868178,1.374317547575595,-0.02084877562671883,1.658256328662032,1.751431144666963,-1.2228804061993104,0.05582488554134632,0.928958483784936
Tepidisphaeraceae,13,0.4846564204771511,1.7578999444342518,1.9574966491817483,1.240052194776438,0.8498826945300113,0.1634139549205802,0.05481876770675284,0.9302375509446176
Parcubacteria,31,0.5847398790341338,-0.19689915203830788,-2.5857981330882556,0.42430269212416016,0.5036064578121775,0.1634139549205802,0.0541684913876147,0.9310642782075181
Lachnospiraceae,25,1.7743239459079705,0.4962480285216375,1.4572531347462947,1.2961416614274817,1.4403757210298735,0.07640257793095051,0.0436322754216666,0.9444632937078812
JG36-GS-52,11,0.8173621743028874,1.2352047451128767,-0.5063565914084198,-0.22628487401698916,1.4537987413620135,0.5688790630287444,-0.034007122341786156,0.9567091342906648
WWE3,5,-0.01743552332008491,-0.26143767317587896,-2.5857981330882556,-0.9194320545769346,0.4321474938300325,-0.018907601873374258,0.032401994237591936,0.958751719696636
MSBL5,7,-0.6680230894612342,-2.969487874278089,-0.1879028602898849,-2.7111915238049895,-0.9177792231189834,-2.32149269486742,-0.030202221610927865,0.9615511841314532
Sporomusaceae,5,0.10516679877224755,-2.969487874278089,-2.5857981330882556,-2.7111915238049895,-0.15563917107208658,0.07640257793095051,-0.02767037384416976,0.9647734820890547
Alteromonadaceae,19,3.519103206211833,3.650585332252267,4.619837043322108,3.939087524782433,3.4148320519915476,3.2989081708497294,0.026122523393871555,0.9667435533144008
Desulfocapsaceae,54,2.540802399553465,2.6830013059905617,2.2263862222841615,2.459292471233162,2.6657397153371267,2.085226552396833,0.022272684064044784,0.971643882698753
Candidatus_Uhrbacteria,8,-0.5879803817876978,-0.26143767317587896,-2.5857981330882556,-2.7111915238049895,0.7198295662818133,-2.32149269486742,0.017407021006098145,0.9778378118130862
C10-SB1A,1,-0.955705161913015,-2.969487874278089,-2.5857981330882556,-2.7111915238049895,-1.0719299029462417,-0.9351983337475296,0.004235811545318768,0.9946068133640618
Bacteroidetes_VC2.1_Bac22,12,-1.0734881975693988,-0.7722632969418695,-0.6398879840329423,-2.7111915238049895,-0.0911006499345155,1.9551734241486352,0.004125799223001825,0.9947468841789989
Elev-16S-1166,3,-3.1529297392492346,0.7440841924262189,0.969549928401158,0.12202182025122665,-2.8636893721742966,-2.32149269486742,-0.0034289505899576245,0.9956341330673825
Hahellaceae,2,-1.0734881975693988,-0.5715926014797184,-2.5857981330882556,-0.22628487401698916,-1.2542514597401964,-2.32149269486742,-0.00283809842778978,0.9963864257010048
